1.96	J191323.8+100937	288.34949	2.30	10.16041	2.40	87.2	17.3	80.2	12.0	26.9	3.1	25.6	2.8	4.7	90.0	8.7	C	R58D40
14.12	J191225.2+101517	288.10501	2.20	10.25480	2.20	105.5	16.6	89.8	11.9	28.4	2.5	26.2	2.2	-35.6	46.7	7.5	C	R58D40
18.75	J191321.7+095238	288.34064	2.60	9.87733		2.50	86.2	17.1	71.4	11.5	29.9	4.0	25.6	3.0	-57.1	35.4	8.7	S	R58D40
22.15	J191223.8+102837	288.09933	2.30	10.47710	2.10	279.9	32.9	144.2	16.1	36.8	2.5	22.0	1.0	-15.8	5.5	7.2	M	R58D40
22.60	J191447.8+100428	288.69919	2.60	10.07471	2.60	72.4	15.2	58.5	10.1	28.7	4.1	27.3	3.8	29.9	90.0	7.9	S	R58D40
28.25	J191444.4+095209	288.68509	2.00	9.86929		2.00	405.0	42.4	383.7	39.1	26.7	0.5	25.0	0.5	-63.4	12.4	7.2	S	R58D40
29.47	J191406.8+094414	288.52866	2.40	9.73726		2.70	131.6	17.8	79.1	11.2	40.6	4.8	26.0	2.2	-31.6	11.9	7.6	S	R58D40
34.87	J191518.3+103043	288.82632	2.30	10.51218	2.30	105.9	17.6	92.6	12.6	28.4	2.7	25.5	2.2	49.9	36.8	8.3	S	R58D40
34.92	J191058.5+101252	287.74399	2.40	10.21465	2.30	58.6	12.7	56.2	8.7	26.5	3.2	24.9	2.8	-67.5	78.7	6.5	S	R58D40
35.15	J191503.7+094707	288.76544	2.00	9.78552		2.00	1020.0	102.9	787.3	79.0	29.7	0.3	26.4	0.2	69.9	3.4	6.6	M	R58D40
36.74	J191536.4+102629	288.90204	2.50	10.44166	2.30	96.9	16.6	78.6	11.4	32.0	3.8	24.4	2.3	66.2	18.2	8.0	S	R58D40
38.67	J191324.0+093243	288.35004	2.00	9.54536		2.00	1070.8	107.9	609.8	61.6	37.0	0.6	30.1	0.4	-14.2	3.3	8.1	S	R58D40
38.85	J191131.2+094318	287.88040	2.00	9.72181		2.00	270.1	30.1	230.2	24.4	27.6	1.0	26.9	0.9	-12.7	53.7	7.8	S	R58D40
38.90	J191554.2+100229	288.97589	2.00	10.04153	2.00	1658.6	166.5	937.5	94.0	38.7	0.4	31.0	0.2	51.9	1.8	6.7	M	R58D40
40.81	J191327.8+105209	288.36588	2.00	10.86925	2.00	413.5	43.7	360.1	37.0	28.1	0.7	25.9	0.6	78.7	12.1	8.2	S	R58D40
41.29	J191554.3+095501	288.97638	2.00	9.91695		2.00	453.5	46.6	331.0	33.8	31.5	0.7	27.5	0.5	-59.2	7.0	6.5	S	R58D40
41.41	J191358.8+093104	288.49536	2.10	9.51791		2.10	179.7	21.9	159.7	17.6	27.4	1.3	26.0	1.2	57.1	39.0	7.3	C	R58D40
41.52	J191214.8+093307	288.06201	2.20	9.55198		2.30	115.7	19.5	103.5	14.0	27.5	2.6	25.7	2.3	5.3	54.8	9.1	S	R58D40
41.90	J191358.0+093031	288.49182	2.10	9.50867		2.00	194.6	23.1	178.6	19.3	27.2	1.2	25.3	1.0	-80.0	24.0	7.3	C	R58D40
43.25	J191241.3+092912	288.17239	2.20	9.48690		2.20	76.2	17.6	90.0	12.5	23.3	2.3	23.0	2.2	29.3	0.1	9.1	S	R58D40
44.59	J191315.3+092648	288.31384	2.10	9.44691		2.10	296.6	32.7	228.8	24.5	30.5	1.2	26.9	1.0	-43.0	13.3	8.2	S	R58D40
49.61	J191005.3+102402	287.52222	2.10	10.40058	2.10	220.8	24.3	170.0	18.1	32.2	1.3	25.5	0.9	-44.4	7.4	6.1	C	R58D40
50.11	J191010.3+102927	287.54306	2.00	10.49106	2.00	356.2	37.1	326.3	33.2	26.9	0.5	25.6	0.5	-76.9	15.8	6.1	S	R58D40
51.32	J191632.3+095125	289.13486	2.40	9.85697		2.50	63.8	12.0	52.5	8.2	28.2	3.4	27.4	3.2	-34.3	90.0	6.0	S	R59D39
52.44	J191333.9+091902	288.39127	2.00	9.31749		2.00	3168.5	317.1	2461.2	246.3	30.9	0.1	26.4	0.1	-75.4	1.0	7.7	S	R58D40
52.93	J191042.9+104729	287.67883	2.30	10.79148	2.10	133.8	17.1	97.6	11.8	33.8	2.6	25.6	1.6	89.6	11.7	6.4	S	R58D40
55.13	J190948.7+102935	287.45322	2.10	10.49330	2.10	90.3	14.0	90.6	10.9	26.1	1.8	24.2	1.6	60.7	37.1	6.1	S	R58D40
60.44	J191034.3+105558	287.64310	2.50	10.93295	2.60	56.0	12.7	50.2	8.5	28.5	4.1	24.8	3.1	-31.7	41.6	6.7	S	R58D40
61.01	J190940.2+094320	287.41785	2.20	9.72228		2.20	87.9	15.4	83.1	11.1	26.5	2.4	25.3	2.2	8.8	78.3	7.3	S	R58D40
63.90	J191733.1+102604	289.38821	2.10	10.43445	2.10	174.7	21.2	156.3	17.2	28.2	1.4	24.9	1.1	83.0	15.7	7.0	S	R59D41
65.21	J191047.6+091807	287.69843	2.10	9.30213		2.00	650.8	67.8	408.3	42.7	35.6	1.2	28.3	0.8	-83.2	6.3	11.7	S	R58D40
67.49	J191701.1+093125	289.25497	2.00	9.52383		2.00	358.3	36.9	345.4	34.9	26.1	0.4	25.3	0.4	-5.9	19.5	5.2	S	R59D39
67.53	J191019.1+110209	287.57971	2.10	11.03586	2.10	189.7	22.3	152.8	16.9	28.8	1.4	27.3	1.3	77.5	36.2	7.0	C	R58D40
68.06	J191018.6+110245	287.57776	2.20	11.04604	2.30	128.5	17.2	91.0	11.7	32.5	2.8	27.5	2.1	19.6	21.5	7.0	C	R58D40
68.09	J191619.6+091934	289.08188	2.00	9.32615		2.00	710.9	71.6	532.2	53.5	31.4	0.3	27.0	0.3	-65.7	2.8	5.1	S	R59D39
68.76	J191302.7+090245	288.26151	2.10	9.04596		2.10	191.2	23.7	168.3	18.8	28.0	1.5	25.7	1.2	85.8	25.5	8.2	S	R58D40
70.56	J191254.6+090106	288.22787	2.60	9.01840		2.40	145.1	19.8	86.1	12.5	34.8	3.9	30.6	3.1	84.0	36.1	8.4	S	R58D40
71.42	J190910.7+093501	287.29477	2.40	9.58366		2.50	62.5	15.2	62.3	10.1	26.6	3.6	23.9	2.9	32.8	50.9	8.0	S	R58D40
71.65	J191234.9+090036	288.14548	2.10	9.01026		2.10	241.1	29.0	224.6	24.4	27.4	1.2	24.8	1.0	-59.4	18.1	9.4	S	R58D40
71.83	J190854.6+104114	287.22760	2.00	10.68726	2.10	159.4	19.7	160.6	17.4	26.0	1.1	24.1	1.0	40.7	23.5	6.7	S	R58D40
71.85	J191104.9+090745	287.77054	2.40	9.12929		2.40	195.9	30.0	161.8	20.9	38.0	4.2	20.1	1.2	46.5	7.0	13.7	C	R58D40
72.12	J191704.4+105757	289.26843	2.10	10.96592	2.10	168.7	22.6	139.4	16.7	27.7	1.8	27.5	1.8	-0.6	90.0	8.9	S	R59D41
72.30	J191706.5+092519	289.27747	2.00	9.42217		2.00	263.2	27.7	226.8	23.3	27.7	0.7	26.6	0.6	34.3	24.1	5.1	S	R59D39
72.63	J190948.6+110203	287.45267	2.00	11.03439	2.00	325.2	34.6	298.3	30.7	26.6	0.6	25.9	0.6	78.1	35.1	6.9	S	R58D40
72.74	J190858.8+104525	287.24518	2.00	10.75699	2.00	1978.5	198.7	1685.2	168.7	32.4	0.2	26.0	0.1	-81.8	0.9	6.7	M	R58D40
73.19	J191813.2+102419	289.55502	2.30	10.40535	2.30	82.8	14.0	71.6	9.9	27.8	2.7	26.2	2.4	67.9	65.2	6.6	S	R59D41
73.31	J191107.7+090545	287.78235	2.10	9.09601		2.20	51990.0	5200.1	1845.1	185.0	181.0	2.4	120.9	1.6	75.1	1.9	13.7	M	R58D40
73.42	J190822.8+101707	287.09518	2.00	10.28547	2.00	706.5	72.4	670.7	67.4	27.8	0.3	23.9	0.2	70.3	3.0	6.5	M	R58D40
73.96	J191509.3+090228	288.78900	2.00	9.04135		2.00	260.8	27.9	232.3	24.0	27.2	0.7	26.3	0.7	-63.7	31.1	5.7	S	R59D39
74.32	J191747.3+104615	289.44711	2.10	10.77097	2.20	260.4	30.1	196.2	21.7	37.1	2.2	22.6	0.9	32.8	4.8	9.2	C	R59D41