5.53	J074205.3-282724	115.52250	2.60	-28.45673	4.80	56.2	7.9	27.3	4.7	59.5	10.4	31.2	3.6	10.9	12.5	3.8	S	R24D15
6.90	J074150.0-281527	115.45864	2.10	-28.25754	2.30	82.8	10.3	68.9	7.8	39.6	2.5	27.4	1.2	0.2	6.8	3.6	S	R24D15
10.81	J074249.0-282244	115.70431	2.00	-28.37895	2.00	392.4	39.7	375.7	37.7	37.2	0.4	25.3	0.2	3.6	0.8	3.5	S	R24D15
12.38	J074131.8-281116	115.38287	2.10	-28.18803	2.30	67.1	9.2	62.2	7.2	37.4	2.6	26.0	1.3	4.3	7.5	3.7	S	R24D15
12.75	J074257.3-282349	115.73914	2.00	-28.39707	2.00	1929.3	193.1	1733.1	173.3	39.3	0.1	26.4	0.0	2.0	0.3	3.6	M	R24D14
13.16	J074220.3-283423	115.58459	2.00	-28.57306	2.00	700.7	70.4	633.8	63.5	38.0	0.3	26.2	0.1	2.5	0.5	3.8	S	R24D15
13.42	J074210.1-283513	115.54236	2.00	-28.58717	2.00	420.1	42.5	383.5	38.5	37.9	0.4	26.1	0.2	2.9	1.0	3.8	S	R24D15
17.31	J074143.9-280503	115.43318	2.00	-28.08425	2.00	504.8	50.9	454.2	45.6	37.8	0.4	26.5	0.2	-0.8	0.9	3.6	S	R24D15
17.78	J074110.8-280753	115.29522	2.30	-28.13157	3.30	57.1	8.2	36.0	5.3	48.8	6.3	29.3	2.6	-10.6	10.9	3.7	C	R24D15
18.18	J074040.5-282701	115.16899	2.30	-28.45038	2.90	53.0	8.7	40.1	5.9	39.9	4.8	29.8	2.8	4.8	17.4	4.1	C	R24D15
18.29	J074101.3-283458	115.25554	2.00	-28.58291	2.00	272.6	28.1	216.5	22.0	41.7	1.0	27.2	0.4	6.4	2.1	4.1	S	R24D15
18.61	J074110.2-280657	115.29286	2.10	-28.11585	2.70	79.3	9.9	53.0	6.5	46.8	4.1	28.8	1.7	-2.6	7.6	3.7	C	R24D15
18.84	J074035.7-282526	115.14911	2.00	-28.42415	2.10	149.7	16.6	140.0	14.6	39.3	1.4	24.5	0.6	2.6	3.0	4.1	S	R24D15
19.05	J074036.6-282711	115.15266	2.30	-28.45333	2.70	73.3	9.9	48.6	6.5	42.2	4.2	32.2	2.6	2.7	15.6	4.1	C	R24D15
19.88	J074130.5-280312	115.37714	2.20	-28.05355	3.50	45.0	7.4	33.3	4.9	47.7	6.7	25.5	2.1	-1.6	9.2	3.6	S	R24D15
20.96	J074149.7-280109	115.45731	2.00	-28.01936	2.00	210.6	21.9	203.6	20.6	37.5	0.8	24.8	0.3	1.3	1.8	3.5	S	R24D15
23.26	J074323.0-280737	115.84593	3.10	-28.12712	3.10	78.7	9.1	33.1	4.7	61.9	7.3	34.6	2.9	43.5	9.4	3.2	S	R24D15
24.58	J074342.6-281221	115.92789	2.10	-28.20591	2.40	53.4	7.8	50.6	6.0	38.1	3.0	25.8	1.4	-4.4	8.8	3.3	S	R24D14
26.43	J074224.0-284753	115.60029	2.20	-28.79833	4.20	52.4	8.4	34.9	5.4	54.6	8.6	26.3	2.3	-1.1	8.9	4.2	S	R24D13
29.09	J074311.8-275735	115.79942	2.00	-27.95992	2.00	803.6	80.9	598.6	59.9	43.4	0.3	27.0	0.1	-9.8	0.6	3.2	M	R24D15
33.93	J074150.7-285551	115.46126	2.00	-28.93109	2.00	713.0	72.3	646.5	64.8	38.5	0.3	25.3	0.1	2.0	0.8	4.5	M	R24D13
34.61	J074140.5-285620	115.41916	2.00	-28.93910	2.00	620.9	63.1	526.9	52.9	39.2	0.4	26.4	0.2	2.8	1.1	4.7	M	R24D13
38.69	J073924.3-280405	114.85129	2.00	-28.06832	2.00	287.9	29.5	243.6	24.7	39.4	0.8	27.1	0.4	9.0	2.1	3.9	S	R24D15
39.10	J074047.7-274617	115.19880	2.20	-27.77167	2.80	50.8	7.8	40.4	5.4	42.3	4.6	26.8	2.0	-1.6	9.8	3.6	S	R24D15
39.41	J074221.0-274252	115.58788	2.50	-27.71449	3.00	27.5	6.4	25.0	4.2	35.2	5.4	28.2	3.5	9.7	27.7	3.4	S	R24D15
40.40	J074319.4-285826	115.83118	2.00	-28.97409	2.10	239.3	24.9	182.1	18.7	43.6	1.2	28.9	0.6	1.0	2.4	4.1	S	R24D13
40.57	J074221.3-290217	115.58889	2.10	-29.03824	2.50	70.2	10.3	64.6	7.8	40.5	3.4	25.8	1.4	8.3	7.1	4.4	S	R24D13
41.13	J073913.3-280327	114.80558	2.00	-28.05774	2.20	86.7	10.9	82.2	9.1	36.7	2.0	25.9	1.0	2.2	6.4	3.8	S	R24D15
41.66	J074031.9-274508	115.13317	2.00	-27.75237	2.00	477.6	48.4	386.9	38.9	40.8	0.5	25.7	0.2	3.9	1.0	3.6	M	R24D15
42.02	J074507.7-282951	116.28239	2.20	-28.49752	2.40	92.6	10.6	57.6	6.7	47.8	3.3	31.3	1.6	29.2	7.7	3.2	S	R24D14
43.64	J074324.6-290129	115.85266	2.10	-29.02492	2.40	103.8	12.4	74.0	8.5	47.1	3.3	28.6	1.3	5.9	5.5	4.1	S	R24D13
43.79	J074511.3-283414	116.29720	2.00	-28.57077	2.20	108.5	12.1	85.8	9.2	40.9	1.9	28.7	1.0	-3.0	5.9	3.3	S	R24D14
44.25	J073914.1-284709	114.80904	2.00	-28.78593	2.10	188.2	20.4	164.0	17.0	42.2	1.5	26.1	0.6	1.1	3.0	4.7	S	R24D13
44.83	J074523.1-282543	116.34652	2.00	-28.42880	2.10	126.8	13.8	110.4	11.5	39.5	1.4	27.0	0.7	1.7	4.3	3.2	S	R24D14
45.49	J074521.2-281143	116.33866	2.00	-28.19544	2.00	189.3	19.7	169.9	17.3	38.9	0.9	26.6	0.4	0.6	2.9	3.2	S	R24D14
45.89	J074409.1-285806	116.03798	2.20	-28.96846	3.50	32.4	7.2	30.0	4.7	41.9	6.7	24.0	2.2	-5.4	12.0	3.8	S	R24D14
45.94	J074217.5-290746	115.57305	2.20	-29.12965	3.30	53.5	9.2	43.2	6.2	46.3	6.2	25.6	2.0	-3.3	8.9	4.5	S	R24D13
48.95	J074428.7-274540	116.11986	2.10	-27.76136	2.30	97.5	11.0	66.4	7.4	44.2	2.5	29.9	1.2	-4.2	5.7	3.1	S	R24D15
49.35	J074119.9-273326	115.33314	2.10	-27.55750	2.80	202.6	20.7	79.6	8.5	84.9	4.6	27.0	0.7	-10.1	2.3	3.4	S	R24D15
50.20	J074219.4-273158	115.58101	2.00	-27.53299	2.00	477.1	48.1	447.3	44.9	37.4	0.3	25.7	0.2	0.3	0.7	3.3	S	R24D15
50.30	J073824.3-280527	114.60145	2.00	-28.09091	2.20	97.7	11.6	84.5	9.2	39.6	2.1	26.3	0.9	0.7	5.4	3.7	S	R24D15
50.44	J073938.6-290148	114.91120	2.00	-29.03005	2.20	141.2	17.0	131.1	14.2	40.3	2.1	25.7	0.9	4.4	4.6	5.6	S	R24D13
50.97	J074455.6-274852	116.23190	2.10	-27.81453	2.40	47.4	7.1	45.4	5.4	39.0	3.2	24.9	1.3	0.4	7.8	3.1	S	R24D14
51.26	J073817.8-280641	114.57450	2.00	-28.11153	2.00	598.5	60.2	536.1	53.7	37.5	0.3	26.8	0.2	6.2	1.2	3.6	S	R24D15
51.51	J074538.0-280325	116.40869	2.00	-28.05715	2.10	140.6	15.0	124.1	12.8	40.3	1.2	26.1	0.5	1.8	3.4	3.1	S	R24D14
51.65	J074411.5-290451	116.04796	2.40	-29.08086	3.30	43.0	7.6	32.3	5.1	43.2	6.3	28.7	2.9	6.5	15.4	3.8	S	R24D14
51.93	J074458.7-274812	116.24487	2.40	-27.80350	3.70	31.9	6.0	23.9	3.9	45.0	7.3	27.4	2.9	-8.3	14.2	3.1	S	R24D14
52.14	J074110.8-273059	115.29521	2.30	-27.51665	2.70	39.1	7.0	34.2	4.9	36.8	4.2	28.0	2.5	-2.5	17.0	3.4	S	R24D15
52.91	J074427.7-274019	116.11551	2.30	-27.67204	3.50	27.2	5.9	23.7	3.9	41.0	6.7	25.2	2.6	-2.1	12.9	3.1	S	R24D15
53.04	J074137.4-272911	115.40612	2.10	-27.48652	2.30	73.0	9.2	59.0	6.8	39.1	2.6	28.5	1.4	3.1	8.5	3.4	S	R24D15