4.96	J193444.4+235750	293.68512	2.00	23.96411	2.00	542.3	55.3	311.3	31.5	37.0	0.7	26.2	0.4	-33.1	2.4	4.8	M	R60D49
10.47	J193404.5+235720	293.51895	2.10	23.95580	2.10	90.2	12.3	89.6	10.2	25.4	1.4	24.8	1.3	30.7	90.0	4.8	S	R60D49
13.79	J193348.0+235644	293.45020	2.00	23.94581	2.00	2095.6	209.7	1822.8	182.3	27.3	0.1	26.3	0.1	73.5	2.3	4.8	S	R60D49
17.74	J193600.9+235731	294.00397	2.00	23.95876	2.00	178.8	19.5	163.4	17.0	26.9	0.8	25.4	0.7	47.6	20.9	4.6	S	R60D49
21.80	J193419.6+241351	293.58206	2.10	24.23093	2.10	96.9	12.9	84.9	9.9	28.8	1.9	24.8	1.4	-78.8	16.9	5.0	S	R60D49
24.74	J193258.9+235637	293.24582	2.10	23.94377	2.10	91.6	12.4	92.5	10.4	25.5	1.4	24.3	1.2	24.6	47.3	4.8	S	R59D50
24.86	J193453.0+241742	293.72098	2.10	24.29509	2.00	131.7	15.6	118.9	12.9	27.4	1.2	25.3	1.0	77.8	21.1	4.8	S	R60D49
30.75	J193455.8+242334	293.73251	2.10	24.39286	2.00	186.6	20.4	145.8	15.4	30.1	1.1	26.6	0.9	-86.4	11.8	4.8	S	R60D49
32.16	J193251.8+233409	293.21597	2.60	23.56940	2.80	56.4	8.4	33.2	5.4	36.9	5.2	28.7	3.3	-36.6	24.0	3.9	C	R59D48
32.26	J193350.4+242234	293.46014	2.50	24.37612	2.30	77.4	11.3	53.3	7.5	33.6	3.7	27.0	2.5	73.3	21.3	5.0	S	R59D50
32.31	J193520.4+242414	293.83539	2.60	24.40400	2.40	78.8	11.1	49.2	7.1	36.1	4.2	27.8	2.6	-61.5	18.5	4.9	S	R60D49
32.44	J193252.7+233324	293.21967	2.90	23.55680	2.80	56.5	8.4	31.4	5.3	36.4	5.2	30.8	3.9	-52.5	36.9	3.9	C	R59D48
35.10	J193432.2+242751	293.63443	2.20	24.46429	2.20	59.5	10.3	55.9	7.5	27.1	2.5	24.6	2.1	-44.7	38.6	4.9	S	R59D50
36.97	J193205.1+234913	293.02136	2.00	23.82041	2.10	333.2	35.0	170.5	17.6	39.9	1.5	23.0	0.6	61.8	2.9	4.4	M	R59D50
38.40	J193628.6+232232	294.11938	2.50	23.37570	2.40	54.2	9.1	41.1	6.1	31.6	3.8	26.1	2.7	57.6	25.9	4.4	C	R60D49
38.75	J193421.6+231433	293.59039	2.10	23.24254	2.10	72.6	9.5	61.1	7.2	28.2	1.8	26.4	1.6	77.8	39.5	3.6	S	R60D49
38.80	J193632.1+232239	294.13391	2.20	23.37771	2.10	95.5	12.0	69.6	8.3	32.8	2.4	26.2	1.6	83.4	13.1	4.4	C	R60D49
38.95	J193732.4+234440	294.38522	2.60	23.74469	2.40	41.4	8.5	35.4	5.7	28.9	3.9	25.3	3.0	-83.9	41.2	4.3	S	R60D49
39.13	J193322.8+231843	293.34537	2.60	23.31205	4.30	104.0	11.4	29.6	4.7	63.2	9.0	34.8	3.8	-6.8	13.1	3.7	S	R59D48
40.80	J193618.5+231802	294.07730	2.70	23.30063	2.30	81.0	10.5	45.4	6.4	39.2	4.4	28.5	2.5	68.5	14.9	4.2	S	R60D49
40.95	J193200.0+240825	293.00034	2.10	24.14047	2.40	245.1	25.6	100.5	11.4	50.2	3.1	30.4	1.4	24.5	6.1	5.2	S	R59D50
41.44	J193148.7+234416	292.95331	2.10	23.73791	2.10	85.8	11.5	83.5	9.4	25.5	1.4	25.2	1.3	86.3	90.0	4.4	C	R59D48
41.71	J193713.5+241731	294.30646	2.20	24.29195	2.20	69.2	10.5	58.4	7.5	28.1	2.4	26.3	2.1	-57.1	51.0	4.6	S	R60D49
42.67	J193331.0+243159	293.37939	2.10	24.53330	2.10	146.0	16.8	110.9	12.3	29.1	1.4	28.3	1.3	57.7	63.6	4.9	S	R59D50
43.20	J193746.8+240530	294.44534	2.00	24.09191	2.00	226.8	24.0	223.3	22.8	25.6	0.5	24.8	0.5	-89.7	25.0	4.5	S	R60D49
43.24	J193659.1+242340	294.24661	2.00	24.39455	2.00	1778.8	178.1	1583.5	158.4	26.6	0.1	26.4	0.1	-36.8	25.0	4.7	S	R60D49
44.22	J193149.2+233501	292.95523	2.00	23.58389	2.00	205.9	21.7	148.5	15.5	32.2	1.0	26.9	0.7	25.3	7.5	4.1	C	R59D48
45.53	J193548.8+243607	293.95355	2.10	24.60198	2.20	695.8	69.8	154.9	16.2	69.8	2.4	40.2	1.1	-17.2	2.9	5.0	C	R60D49
45.91	J193556.6+243553	293.98618	3.10	24.59820	2.40	196.2	20.6	59.0	7.8	60.2	5.8	34.5	2.6	74.3	8.6	5.0	C	R60D49
46.14	J193742.0+241534	294.42529	2.00	24.25947	2.00	123.1	14.7	124.1	13.2	25.5	1.0	24.3	0.9	-83.7	32.1	4.6	S	R60D49
47.38	J193712.8+231931	294.30338	2.00	23.32552	2.20	519.3	52.8	233.1	23.7	56.6	1.9	27.3	0.6	-85.0	2.3	4.5	M	R60D49
48.85	J193242.9+231300	293.17914	2.30	23.21676	2.30	58.1	8.4	43.2	5.8	29.5	2.6	28.5	2.5	37.0	90.0	3.6	S	R59D48
49.52	J193450.6+244224	293.71121	2.00	24.70677	2.00	334.3	34.5	329.2	33.3	25.7	0.4	24.7	0.4	89.1	15.4	4.9	S	R59D50
49.74	J193744.7+232438	294.43649	2.00	23.41064	2.10	105.8	13.2	109.2	11.8	25.2	1.1	24.0	1.0	-13.5	34.0	4.5	S	R60D49
49.82	J193513.6+244219	293.80692	2.00	24.70532	2.00	691.6	70.2	624.5	62.6	26.4	0.2	25.0	0.2	68.9	6.7	4.9	M	R59D50
51.04	J193821.1+240642	294.58820	2.10	24.11189	2.00	128.3	15.0	115.7	12.5	27.2	1.1	25.4	1.0	85.7	24.5	4.6	S	R60D49
51.11	J193638.6+230847	294.16095	2.00	23.14655	2.00	1223.6	122.8	1027.6	102.8	29.1	0.1	25.8	0.1	31.4	1.6	4.2	M	R60D49
51.21	J193543.5+230325	293.93155	2.00	23.05709	2.00	313.9	32.1	291.9	29.5	26.4	0.4	25.5	0.3	49.6	16.3	3.8	S	R60D49
52.67	J193831.0+240422	294.62930	2.00	24.07289	2.10	216.2	22.9	144.9	15.3	34.0	1.2	27.4	0.8	-2.0	6.9	4.5	S	R60D49
52.95	J193802.7+232506	294.51157	2.10	23.41838	2.10	138.8	15.8	107.9	11.8	31.2	1.5	25.8	1.0	-78.7	10.2	4.5	S	R60D49
53.05	J193054.1+235055	292.72559	2.20	23.84872	2.20	61.7	10.2	58.7	7.6	26.1	2.1	25.2	2.0	-43.6	90.0	4.7	S	R59D50
53.61	J193654.0+243752	294.22510	2.00	24.63121	2.00	452.6	46.0	399.4	40.3	27.4	0.4	25.8	0.3	-80.3	8.4	4.9	S	R60D49
53.70	J193820.6+241453	294.58591	2.30	24.24815	2.30	43.6	9.0	42.8	6.3	26.4	2.9	24.1	2.5	51.5	50.5	4.6	S	R60D49
54.05	J193704.7+243644	294.26962	2.20	24.61228	2.20	98.8	12.7	72.1	8.8	31.7	2.4	27.1	1.8	-59.1	19.6	4.8	S	R60D49
54.79	J193048.2+234611	292.70096	2.20	23.76977	2.30	66.7	10.2	54.0	7.2	29.2	2.7	26.4	2.2	-15.9	37.5	4.6	S	R59D48
55.71	J193815.9+242120	294.56650	2.50	24.35576	2.30	100.2	12.3	57.5	7.5	40.6	4.0	26.8	1.9	-58.2	10.1	4.6	S	R60D49
56.79	J193037.8+235043	292.65756	2.00	23.84553	2.00	1778.3	178.4	1230.4	123.1	32.2	0.1	28.8	0.1	-30.4	1.7	4.7	M	R59D50
56.80	J193848.0+234014	294.70020	2.60	23.67066	2.50	34.5	8.2	31.2	5.4	28.6	4.4	24.2	3.2	-53.9	37.5	4.4	S	R60D49
56.99	J193848.5+240617	294.70224	2.00	24.10497	2.00	960.4	96.9	734.0	73.5	30.0	0.2	27.1	0.2	23.1	2.8	4.5	M	R60D49
58.66	J193828.8+242210	294.62006	2.50	24.36958	2.30	58.8	9.6	45.3	6.6	31.0	3.5	26.2	2.6	-66.4	27.3	4.5	S	R60D49