15.09	J170336.5-414126	255.90234	2.50	-41.69073	3.90	418.1	43.7	139.0	16.9	95.4	8.3	39.3	2.2	18.1	4.8	10.1	S	R52D07
18.08	J170132.1-411848	255.38412	2.10	-41.31353	2.40	282.9	33.6	224.7	25.0	49.9	3.0	31.4	1.3	4.9	5.1	10.9	S	R52D07
19.81	J170215.9-411013	255.56635	2.20	-41.17033	3.60	136.2	22.3	105.5	15.0	54.3	7.1	29.7	2.3	-1.0	8.6	10.8	S	R52D07
23.60	J170104.8-414106	255.27008	2.00	-41.68523	2.10	898.1	91.5	485.2	50.0	56.2	1.6	41.1	0.9	-8.3	3.8	11.4	S	R52D07
25.50	J170201.6-415228	255.50703	2.40	-41.87451	4.20	173.9	23.6	95.9	14.4	63.1	8.6	35.9	3.3	0.9	10.6	10.4	S	R52D07
32.54	J170233.5-420108	255.63992	2.20	-42.01913	3.50	164.0	22.6	108.6	14.7	58.1	6.7	32.4	2.3	-2.5	8.1	9.8	S	R52D07
36.04	J165940.4-412641	254.91870	2.10	-41.44488	3.10	177.1	26.4	147.3	18.6	53.8	5.6	27.9	1.6	-3.5	6.4	11.8	S	R52D07
40.41	J165927.4-414132	254.86420	2.30	-41.69234	4.40	142.2	23.5	101.0	15.2	60.4	9.2	29.1	2.4	6.7	8.9	11.7	S	R52D07
41.71	J170623.9-411552	256.59967	2.10	-41.26454	2.10	812.5	83.2	411.8	43.0	57.0	1.9	43.2	1.2	-15.2	4.2	11.6	S	R52D07
43.93	J170610.2-410520	256.54276	3.00	-41.08912	4.20	508.0	53.0	130.2	17.9	85.4	8.8	57.0	5.0	10.9	11.7	12.4	S	R52D07
44.02	J170202.3-404548	255.50964	2.00	-40.76355	2.10	577.4	60.4	417.5	43.2	52.8	1.7	32.7	0.7	2.2	2.5	10.9	S	R52D07
48.63	J170644.3-415056	256.68484	2.80	-41.84895	4.70	265.3	29.0	85.1	12.4	83.7	10.1	49.4	4.6	1.4	12.1	8.8	S	R52D06
48.83	J165850.7-414719	254.71130	2.10	-41.78862	3.70	182.5	25.2	125.9	16.5	62.4	7.3	29.0	1.8	3.0	6.6	11.1	S	R52D07
49.99	J165944.3-405330	254.93484	2.10	-40.89169	3.30	91.8	21.5	103.6	14.3	46.6	6.4	23.7	1.6	5.8	7.3	11.1	S	R52D07
51.91	J165857.9-415642	254.74159	2.20	-41.94523	3.90	127.2	22.5	104.0	15.0	55.2	7.8	27.7	2.1	7.0	8.4	11.3	S	R52D07
52.05	J170536.6-421055	256.40268	2.10	-42.18219	2.40	384.6	40.6	204.3	22.3	60.1	3.0	41.5	1.6	6.5	6.7	8.4	S	R52D06
53.72	J170004.5-421228	255.01883	2.40	-42.20778	2.90	460.5	48.9	180.9	21.9	67.0	5.0	47.4	2.9	7.9	10.0	11.6	S	R52D07
54.81	J170245.0-403400	255.68752	2.10	-40.56679	3.10	178.0	25.5	143.1	17.9	54.8	5.5	28.3	1.6	-0.9	5.7	11.1	S	R52D07
54.95	J170214.9-403418	255.56241	2.00	-40.57184	2.10	565.2	59.4	478.6	49.0	53.0	1.6	27.8	0.5	1.1	1.5	11.0	S	R52D07
61.41	J170721.3-405357	256.83884	2.00	-40.89936	2.10	956.5	98.2	725.3	73.8	53.2	1.3	30.9	0.5	-1.6	0.6	13.6	S	R52D07
63.03	J165756.4-405914	254.48508	2.10	-40.98739	3.00	146.4	24.0	133.5	17.1	50.3	5.4	27.2	1.6	3.4	7.2	11.2	S	R52D07
65.80	J165909.0-403815	254.78766	2.30	-40.63753	3.60	181.4	25.6	117.9	16.6	57.8	7.1	33.2	2.6	1.6	9.7	11.4	S	R52D07
69.17	J170837.3-415405	257.15582	2.00	-41.90144	2.30	266.6	30.5	236.7	25.1	53.1	2.5	28.1	0.7	-0.1	3.2	8.8	S	R52D06
72.70	J170519.0-402134	256.32922	2.00	-40.35954	2.20	518.7	55.7	417.2	43.4	54.1	2.1	28.7	0.6	0.6	1.6	12.3	S	R52D07
73.27	J170628.2-423008	256.61752	2.30	-42.50235	2.90	212.3	25.0	119.0	14.9	57.4	4.9	41.2	2.7	-4.6	11.7	8.4	S	R52D06
75.58	J170055.6-401631	255.23180	2.00	-40.27535	2.30	251.0	32.4	263.3	28.5	48.3	2.8	24.6	0.7	4.4	3.0	11.9	S	R52D07
75.72	J165609.7-412300	254.04060	2.20	-41.38334	2.80	307.5	34.7	163.7	19.7	59.5	4.6	39.4	2.3	-0.1	9.1	10.4	S	R52D07
77.22	J170511.1-401610	256.29660	2.00	-40.26947	2.60	303.1	36.3	240.1	26.7	56.7	3.8	27.8	1.0	-1.8	3.0	12.3	S	R52D07
77.35	J170137.6-401245	255.40694	2.00	-40.21266	2.20	376.0	42.3	332.0	35.0	52.1	2.4	27.1	0.7	0.1	2.5	11.6	S	R52D07
77.72	J170004.3-401752	255.01797	2.20	-40.29804	3.40	107.6	23.6	111.0	15.8	46.9	6.5	25.8	1.9	7.1	8.7	12.1	S	R52D07
77.80	J165658.2-420958	254.24249	2.00	-42.16632	2.10	956.0	97.0	619.3	62.8	62.0	1.3	33.0	0.4	-4.3	0.3	10.3	S	R51D06
78.86	J170024.4-401504	255.10178	2.00	-40.25126	2.10	1105.2	112.2	699.1	71.1	54.2	1.2	36.4	0.6	-12.1	2.3	12.2	S	R52D07
79.36	J170123.6-424626	255.34850	2.10	-42.77398	2.80	372.9	41.2	206.2	23.7	65.1	4.5	36.8	1.7	-2.2	7.0	11.4	S	R52D06
80.18	J170956.0-414120	257.48352	2.10	-41.68894	3.20	152.2	22.5	134.0	16.2	58.9	5.9	25.6	1.2	0.3	4.6	10.0	S	R52D06
81.01	J170930.6-420112	257.37762	2.10	-42.02005	2.90	147.7	21.1	136.9	16.0	55.7	4.8	25.7	1.1	0.4	4.3	9.0	S	R52D06
84.72	J165530.7-411128	253.87804	2.10	-41.19139	3.30	119.9	22.0	113.1	15.2	50.4	6.3	26.2	1.7	-1.4	8.0	10.9	S	R52D07
85.59	J170343.1-400345	255.92963	2.90	-40.06255	4.70	151.3	23.3	83.2	14.7	58.9	9.9	38.5	4.8	6.2	17.1	11.5	S	R52D07
86.02	J170106.0-425232	255.27518	2.10	-42.87556	2.70	232.0	30.1	203.2	23.0	56.1	4.2	27.0	1.0	5.8	5.5	11.5	S	R52D06
86.05	J170126.7-400418	255.36166	2.00	-40.07168	2.40	273.1	33.9	264.5	28.5	53.0	3.2	24.3	0.7	0.7	2.6	11.9	S	R52D07
88.54	J170800.4-423624	257.00192	2.40	-42.60693	4.50	84.3	16.1	63.9	10.4	57.1	9.6	30.6	3.0	-5.8	11.5	8.4	S	R52D06
91.24	J170925.7-403538	257.35730	2.20	-40.59397	2.60	564.3	61.4	278.5	32.7	58.6	4.1	40.9	2.2	9.7	8.7	16.1	S	R52D08
91.98	J165601.8-422000	254.00761	2.00	-42.33344	2.10	532.5	55.7	429.6	44.0	55.6	1.6	29.5	0.5	-0.8	0.9	9.8	S	R51D06
92.43	J170410.5-430005	256.04391	2.20	-43.00163	3.40	129.3	19.0	97.9	12.9	57.3	6.5	30.5	2.0	-5.8	8.4	8.6	S	R52D06
93.51	J171028.9-420738	257.62067	2.10	-42.12745	2.70	162.0	21.9	139.8	16.4	53.3	4.3	28.8	1.3	-3.5	5.2	8.8	C	R52D06
93.97	J171032.2-420724	257.63431	2.10	-42.12343	2.70	167.5	22.3	146.9	16.9	55.0	4.3	27.5	1.1	-1.8	4.3	8.8	C	R52D06
95.35	J170300.0-395328	255.75011	2.20	-39.89112	3.00	202.6	27.9	152.3	19.2	53.4	5.2	31.1	1.9	7.0	7.0	11.7	S	R52D07
95.36	J170951.0-403516	257.46262	2.00	-40.58790	2.20	757.4	80.3	509.9	53.8	53.7	2.2	32.7	0.9	-3.8	3.6	16.6	S	R52D08
95.38	J170944.7-403333	257.43637	2.10	-40.55918	2.50	561.6	62.0	333.7	37.7	54.7	3.3	36.4	1.6	0.1	6.6	16.7	S	R52D08
95.84	J165758.2-424735	254.49261	3.30	-42.79329	3.10	419.1	48.9	117.1	16.7	50.2	6.2	47.3	5.6	17.3	85.0	11.9	M	R51D06
96.04	J171031.7-404700	257.63232	2.00	-40.78344	2.30	683.8	72.6	465.5	49.0	58.4	2.5	31.4	0.8	3.0	4.4	15.3	S	R53D07
96.42	J171124.7-412012	257.85303	2.00	-41.33686	2.10	785.0	80.5	582.2	59.2	59.2	1.5	30.2	0.4	3.0	1.3	11.1	S	R52D06
97.07	J165451.0-420547	253.71263	2.00	-42.09662	2.20	522.5	54.5	358.6	37.1	63.4	2.3	30.4	0.6	9.9	1.2	9.7	S	R51D06
98.55	J170633.3-395934	256.63898	2.10	-39.99286	2.60	534.0	56.9	308.4	33.4	68.6	3.9	29.8	0.9	-10.8	3.6	13.3	S	R52D08
99.87	J170951.6-402750	257.46527	2.00	-40.46404	2.10	1510.7	153.6	987.9	100.4	53.1	1.2	34.1	0.5	-1.9	2.1	17.3	S	R52D08