3.80	J174748.4-403654	266.95172	2.10	-40.61516	2.00	558.5	60.1	425.5	43.8	51.7	1.6	26.3	0.4	6.9	1.8	10.2	M	R54D07
8.32	J174734.2-404415	266.89279	2.00	-40.73774	2.20	338.3	37.8	303.6	31.8	51.1	2.2	27.2	0.6	1.9	1.4	10.0	S	R54D07
22.27	J174705.4-405749	266.77280	2.00	-40.96365	2.20	427.4	45.2	337.1	34.8	56.6	2.0	28.0	0.5	-1.7	0.8	9.0	S	R54D07
26.02	J174831.7-405909	267.13235	2.10	-40.98588	3.40	125.6	20.3	108.4	14.0	55.4	6.5	26.1	1.5	-1.6	4.7	9.6	S	R54D07
30.51	J174827.7-400736	267.11542	2.00	-40.12690	2.00	881.8	91.9	697.8	70.6	44.3	0.8	29.0	0.4	2.5	1.8	10.6	M	R54D08
30.66	J175006.9-404233	267.52881	2.10	-40.70917	3.30	104.1	17.6	90.9	12.1	51.2	6.2	26.5	1.7	-1.4	7.2	8.5	S	R54D08
30.68	J174852.7-400947	267.21988	2.00	-40.16319	2.20	337.5	38.4	294.5	31.3	48.6	2.3	27.9	0.8	3.7	3.5	10.9	S	R54D08
32.73	J174821.7-400450	267.09061	2.40	-40.08083	3.20	224.3	27.8	132.9	17.1	61.8	6.3	32.3	2.0	20.5	7.3	10.6	S	R54D08
34.97	J174853.8-410704	267.22430	2.10	-41.11782	2.00	710.1	73.5	512.7	52.1	56.4	1.4	28.6	0.4	-0.5	1.5	9.4	M	R54D06
36.28	J174426.8-404707	266.11172	2.00	-40.78543	2.70	158.4	21.6	145.7	16.6	53.6	4.2	25.3	1.0	-0.2	3.3	8.7	S	R54D07
37.84	J174504.5-410210	266.26889	2.00	-41.03619	2.10	357.0	38.3	315.2	32.5	52.7	1.8	26.8	0.5	-1.0	1.1	8.3	S	R54D07
38.50	J174626.9-395922	266.61227	2.00	-39.98947	2.10	608.1	62.6	434.3	44.4	49.2	1.2	33.6	0.6	1.8	3.4	9.1	S	R54D08
44.45	J175113.1-404904	267.80490	2.30	-40.81797	5.50	77.2	13.2	51.4	8.3	67.0	12.1	28.0	2.5	-5.3	10.2	6.9	S	R55D07
45.99	J174737.4-395002	266.90610	2.00	-39.83391	2.00	1012.2	103.7	778.6	78.5	49.2	0.8	28.6	0.3	1.3	1.2	10.1	M	R54D08
48.32	J174331.0-401906	265.87921	2.00	-40.31847	2.00	894.4	90.5	824.5	82.8	51.5	0.7	26.3	0.2	0.7	0.2	8.3	S	R54D07
48.60	J174829.6-412314	267.12357	2.10	-41.38726	2.00	996.4	101.4	447.8	45.6	64.2	1.6	38.6	0.7	-3.9	2.1	8.5	M	R54D06
50.01	J174343.9-401012	265.93326	2.00	-40.17019	2.10	448.1	47.0	399.9	40.7	53.8	1.5	26.0	0.4	2.1	0.9	8.4	S	R54D07
51.17	J174853.9-394728	267.22498	2.10	-39.79129	3.10	136.1	23.2	123.3	16.2	49.4	5.7	26.4	1.7	0.0	7.4	11.1	S	R54D08
54.34	J174304.8-405717	265.77039	2.00	-40.95475	2.00	2728.2	273.8	2315.5	231.7	53.0	0.3	26.7	0.1	3.9	0.3	8.5	M	R54D07
55.06	J175132.9-410603	267.88739	2.00	-41.10093	2.50	262.4	28.0	182.5	19.1	71.8	3.5	25.0	0.5	-5.8	3.2	6.4	S	R55D07
55.70	J175113.4-400019	267.80591	2.20	-40.00555	3.30	92.3	17.3	85.7	11.9	48.0	6.1	26.5	1.9	0.5	8.2	8.6	S	R54D08
56.20	J175139.7-410611	267.91550	2.00	-41.10307	2.10	391.2	40.6	353.6	35.9	50.5	1.2	27.3	0.4	2.0	2.8	6.4	C	R55D07
56.33	J175054.9-395537	267.72888	2.00	-39.92706	2.20	297.9	33.8	266.6	28.2	49.5	2.2	26.7	0.7	0.0	2.7	9.5	S	R54D08
57.35	J175145.4-410636	267.93939	2.00	-41.11026	2.10	340.9	35.7	282.8	29.0	51.1	1.5	29.5	0.5	0.8	3.5	6.4	C	R55D07
57.44	J175119.4-395901	267.83124	2.10	-39.98379	2.30	387.0	40.9	238.6	25.4	58.9	2.7	32.5	0.9	15.0	3.2	8.5	S	R54D08
59.61	J175144.4-411057	267.93539	2.10	-41.18254	3.00	114.4	15.5	89.6	10.9	55.6	5.1	28.7	1.5	2.3	7.1	6.4	S	R55D07
60.39	J174219.1-402243	265.57986	2.10	-40.37870	2.60	203.1	24.4	151.6	17.2	56.8	4.1	29.4	1.2	-0.6	4.1	8.4	S	R54D07
61.03	J174437.1-412743	266.15482	3.00	-41.46196	4.30	248.9	27.3	80.9	11.8	76.4	9.1	50.2	4.8	-15.8	13.0	8.4	S	R54D07
63.58	J175243.9-405805	268.18307	2.10	-40.96819	2.90	122.9	15.7	91.4	10.8	58.8	5.1	28.5	1.3	5.4	6.1	6.0	S	R55D07
66.15	J175059.2-394326	267.74667	2.00	-39.72392	2.10	585.2	61.1	552.3	56.1	49.4	1.2	25.3	0.3	2.3	1.2	10.3	S	R54D08
66.32	J175218.8-411324	268.07861	2.20	-41.22337	3.10	129.0	16.1	85.1	10.5	60.7	5.7	31.1	1.7	15.4	7.3	6.2	S	R55D07
68.42	J174426.2-413507	266.10928	2.00	-41.58537	2.40	195.3	24.0	184.0	19.9	52.3	3.1	25.3	0.7	-1.4	2.3	8.2	S	R54D07
68.81	J175328.8-402815	268.37030	2.00	-40.47098	2.00	1062.5	106.7	1013.2	101.5	51.2	0.4	25.5	0.1	0.3	1.5	6.0	S	R55D07
69.73	J174543.7-392914	266.43237	2.00	-39.48740	2.10	578.0	60.2	485.0	49.5	50.2	1.3	28.0	0.4	2.6	2.5	10.1	S	R54D08
70.25	J174954.1-414043	267.47556	2.10	-41.67870	2.00	631.0	65.4	461.3	46.7	57.0	1.2	27.9	0.3	4.8	1.2	7.4	M	R54D06
71.97	J174250.7-394726	265.71155	2.30	-39.79075	4.70	92.5	17.7	71.3	11.4	58.8	10.2	27.5	2.4	4.3	8.8	9.3	S	R54D07
72.11	J174420.6-393332	266.08597	2.10	-39.55890	2.60	213.9	26.9	179.6	20.3	52.8	3.8	26.6	1.0	6.9	5.1	9.9	S	R54D08
72.25	J175127.0-393951	267.86252	2.10	-39.66438	2.80	179.9	24.4	148.1	17.7	53.0	4.7	27.1	1.3	-0.8	5.0	10.0	S	R54D08
72.87	J174616.7-414735	266.56998	2.00	-41.79315	2.40	227.3	25.9	187.7	20.1	56.0	2.9	28.6	0.8	3.5	3.7	7.6	S	R54D06
73.81	J174125.9-401008	265.35828	2.00	-40.16894	2.40	217.2	26.0	197.4	21.3	52.5	2.9	26.1	0.8	0.8	2.9	8.5	S	R54D07
78.63	J174055.8-410128	265.23260	3.60	-41.02449	4.10	195.6	22.1	69.3	10.5	76.5	9.9	46.0	4.6	-37.4	12.4	7.6	S	R54D07
79.48	J174450.8-414942	266.21191	2.00	-41.82843	2.00	1612.8	162.1	1235.0	123.8	61.9	0.5	29.9	0.1	8.9	0.5	8.0	M	R54D06
79.95	J175106.5-392745	267.77731	2.20	-39.46261	3.50	284.4	32.8	151.5	18.6	71.2	6.8	31.2	1.7	-12.7	5.2	11.2	S	R54D08
80.00	J175428.2-402837	268.61777	2.00	-40.47701	2.10	311.9	32.6	296.9	30.2	50.8	1.3	25.8	0.3	0.9	2.3	5.7	S	R55D07
80.23	J175427.5-404802	268.61469	2.00	-40.80078	2.60	95.7	13.1	89.4	10.2	51.1	3.9	26.1	1.0	3.3	5.3	5.3	S	R55D07
81.27	J174028.7-402112	265.11993	2.20	-40.35348	4.30	118.5	17.5	77.1	11.2	63.0	8.9	30.4	2.4	1.6	8.3	8.3	S	R54D07
82.08	J175418.8-401033	268.57846	2.00	-40.17588	2.60	129.6	16.8	115.7	13.0	53.3	3.9	26.2	1.0	0.5	4.9	6.4	S	R55D07
82.45	J175354.7-411434	268.47821	2.00	-41.24293	2.00	513.5	52.2	483.5	48.6	51.1	0.7	25.9	0.2	1.0	1.8	5.4	S	R55D07
83.98	J174117.3-412212	265.32251	2.10	-41.37026	2.90	131.7	18.6	116.7	13.7	55.4	5.0	25.4	1.1	5.6	4.2	7.9	S	R54D07
84.39	J174551.6-415823	266.46527	2.00	-41.97314	2.80	108.0	16.7	112.0	13.0	51.7	4.5	24.7	1.0	0.1	5.0	7.4	S	R54D06