3.20	J000253.2+621917	0.72174	2.00	62.32167	2.10	140.4	16.7	131.5	14.2	26.6	1.1	25.1	1.0	21.4	28.4	5.2	S	R01D69
9.03	J000213.9+622335	0.55801	2.50	62.39314	2.30	71.4	11.5	55.3	7.9	31.6	3.5	25.6	2.4	-67.0	22.1	5.3	S	R01D69
10.22	J000425.4+621500	1.10602	2.50	62.25012	2.70	47.9	9.9	38.3	6.6	29.1	4.2	26.8	3.6	-20.2	71.7	5.1	S	R01D69
18.00	J000023.7+621509	0.09877	2.00	62.25275	2.00	2437.5	244.1	1814.7	181.6	31.4	0.1	25.3	0.1	16.3	0.7	5.4	M	R01D69
18.97	J000454.6+622928	1.22779	2.00	62.49134	2.10	144.7	17.1	128.3	13.9	27.8	1.2	25.4	1.0	11.3	21.2	5.3	S	R01D69
19.55	J000044.0+622800	0.18338	2.00	62.46678	2.00	818.8	82.8	677.3	67.9	28.1	0.3	25.6	0.2	-34.8	4.0	5.4	M	R01D69
20.08	J000047.7+620303	0.19887	2.20	62.05108	2.20	63.5	10.8	59.5	7.9	26.7	2.4	25.0	2.1	39.8	53.8	5.1	S	R01D69
21.29	J000404.4+623600	1.01845	2.10	62.60025	2.00	241.1	25.7	153.5	16.4	35.6	1.5	27.6	0.9	81.0	7.8	5.4	C	R01D69
22.12	J000413.8+623628	1.05753	2.00	62.60783	2.00	312.7	32.4	189.6	19.8	36.9	1.3	27.9	0.8	47.1	6.2	5.4	C	R01D69
23.57	J235935.5+621547	359.89816	2.00	62.26332	2.00	169.9	19.3	150.4	16.0	27.5	1.0	25.7	0.9	-59.8	22.5	5.4	S	R01D69
25.32	J000426.7+615303	1.11161	2.20	61.88432	2.30	54.8	9.7	51.3	7.0	26.5	2.5	25.2	2.3	-1.4	78.2	4.7	S	R01D69
29.39	J000643.7+620306	1.68221	2.20	62.05188	2.50	110.3	13.5	64.2	8.3	38.5	3.6	27.9	2.0	-9.8	13.9	5.0	S	R01D69
29.44	J235852.8+620910	359.72000	2.00	62.15305	2.00	1654.0	165.9	1557.7	155.9	25.9	0.1	24.8	0.1	-57.2	3.4	5.3	M	R01D69
29.45	J235914.3+620234	359.80984	2.20	62.04301	2.20	76.3	11.5	66.6	8.5	27.1	2.2	26.4	2.0	54.9	90.0	5.1	S	R01D69
30.07	J235840.3+621412	359.66818	2.00	62.23676	2.00	170.6	19.4	157.3	16.7	26.3	0.9	25.7	0.9	-52.2	63.5	5.4	S	R01D69
31.10	J000317.6+614508	0.82345	2.00	61.75229	2.00	446.4	45.3	430.5	43.3	25.8	0.3	25.1	0.3	21.5	18.4	4.5	S	R01D69
31.66	J000335.1+624731	0.89635	2.00	62.79213	2.00	2112.2	211.4	1698.3	169.9	29.7	0.1	26.2	0.1	24.0	2.0	5.5	S	R01D71
31.90	J000706.8+620256	1.77856	2.10	62.04898	2.10	145.4	16.8	125.1	13.5	27.8	1.2	26.2	1.0	-38.0	30.5	5.0	S	R01D69
33.22	J000014.9+624330	0.06214	2.20	62.72520	2.50	74.2	11.9	58.4	8.2	31.6	3.5	25.1	2.2	13.1	19.5	5.6	S	R01D71
34.33	J000723.8+620128	1.84950	2.20	62.02466	2.60	97.6	12.6	57.8	7.9	38.0	3.9	27.8	2.3	-3.5	15.9	5.0	S	R01D69
35.33	J235845.3+615649	359.68881	2.20	61.94695	2.20	66.2	10.7	60.6	7.8	26.9	2.3	25.4	2.0	-82.0	59.1	4.9	S	R01D69
35.55	J000742.8+620332	1.92862	2.30	62.05895	2.30	77.4	11.4	57.6	7.8	29.9	2.8	28.1	2.5	-84.2	63.3	5.0	S	R01D69
36.21	J235748.0+621941	359.45026	2.00	62.32812	2.00	308.9	32.3	264.7	27.1	28.4	0.6	25.7	0.5	-1.6	8.5	5.5	S	R01D69
36.44	J235946.2+614729	359.94281	2.00	61.79155	2.00	254.6	26.7	243.6	24.8	26.2	0.5	25.0	0.5	21.3	17.7	4.7	S	R01D69
36.93	J235817.3+615912	359.57245	2.20	61.98691	3.10	65.4	10.3	42.8	6.7	39.2	5.6	24.4	2.4	2.9	12.6	4.9	S	R01D69
38.60	J000017.6+625002	0.07365	2.10	62.83389	2.10	148.5	17.7	117.6	13.2	31.0	1.7	25.5	1.2	-49.0	11.7	5.7	C	R01D71
39.06	J235912.5+624516	359.80215	2.80	62.75454	2.30	134.9	15.8	61.9	8.6	43.6	4.7	31.2	2.7	83.7	14.3	5.6	S	R01D71
39.17	J000013.3+625025	0.05569	2.10	62.84029	2.10	191.5	21.4	147.8	15.9	31.8	1.4	25.5	0.9	-32.5	8.5	5.7	C	R01D71
39.52	J000422.5+613753	1.09404	2.10	61.63165	2.10	98.3	12.4	88.8	10.0	26.9	1.4	25.7	1.3	-0.9	49.9	4.5	S	R01D69
41.44	J000207.1+613509	0.52972	2.40	61.58587	2.80	80.1	10.6	45.3	6.5	40.7	4.9	27.1	2.4	23.7	13.6	4.5	S	R01D69
42.31	J000901.3+621856	2.25575	2.80	62.31582	2.70	55.9	10.4	38.6	6.9	31.4	4.8	28.8	4.1	73.6	69.0	5.3	S	R01D70
44.99	J235936.2+613756	359.90121	2.00	61.63226	2.00	163.8	18.1	139.0	14.7	27.4	0.9	26.8	0.9	-1.1	62.6	4.5	S	R01D69
45.01	J235917.4+625318	359.82291	2.10	62.88856	2.10	135.8	16.9	127.2	14.0	26.3	1.2	25.4	1.2	5.2	52.7	5.8	S	R01D71
48.90	J000313.9+612717	0.80818	2.60	61.45481	2.70	42.0	8.6	32.6	5.7	30.8	4.7	26.1	3.5	32.0	38.8	4.4	S	R01D69
50.89	J000249.0+612516	0.70444	2.00	61.42136	2.00	363.5	37.9	223.9	22.8	32.8	0.8	26.7	0.5	85.7	4.8	4.4	M	R01D69
51.93	J000336.0+630754	0.90009	2.20	63.13182	2.20	105.0	14.6	80.5	10.3	28.9	2.3	28.2	2.2	19.9	90.0	6.1	S	R01D71
51.97	J000057.7+612609	0.24063	2.00	61.43605	2.00	1871.1	187.3	1830.4	183.1	25.5	0.1	25.1	0.1	-52.8	7.3	4.5	S	R01D69
52.28	J000959.4+623501	2.49784	2.00	62.58381	2.00	309.1	32.5	232.6	24.1	31.5	0.9	26.4	0.7	-65.0	4.5	5.9	S	R01D70
52.33	J000717.3+613338	1.82249	2.10	61.56065	2.10	143.7	16.5	119.0	12.9	28.5	1.2	26.4	1.1	22.0	24.7	4.8	S	R01D69
52.64	J000757.9+625556	1.99136	2.10	62.93224	2.10	117.0	15.8	105.8	12.3	26.8	1.6	25.8	1.5	-7.9	67.5	6.2	S	R01D70
53.91	J000929.7+624534	2.37391	2.10	62.75949	2.00	1420.9	143.1	374.4	38.0	72.6	1.6	25.7	0.3	4.8	1.2	6.2	M	R01D70
54.39	J000806.3+613536	2.02628	2.10	61.59333	2.20	65.3	10.8	65.8	8.2	25.6	2.0	24.2	1.8	-1.1	58.6	4.9	S	R01D69
54.55	J235651.1+625036	359.21304	2.00	62.84355	2.00	490.4	50.0	438.3	44.2	27.1	0.4	25.8	0.3	5.1	9.8	5.6	C	R01D71
54.84	J235647.1+625030	359.19629	2.00	62.84182	2.00	478.4	48.8	407.3	41.1	27.6	0.4	26.6	0.4	71.9	14.1	5.6	C	R01D71
55.70	J000405.9+631118	1.02500	2.00	63.18855	2.10	182.1	21.0	151.4	16.4	30.4	1.4	24.7	0.9	-2.5	10.1	6.1	S	R01D71
55.95	J000302.9+631206	0.76234	2.20	63.20167	2.30	71.5	12.9	66.7	9.2	27.3	2.7	24.5	2.2	8.4	38.3	6.3	S	R01D71
56.41	J235603.2+614734	359.01367	2.00	61.79301	2.00	255.4	26.7	235.8	24.0	26.3	0.5	25.8	0.5	-4.3	36.7	4.5	S	R01D69
57.02	J001012.1+624322	2.55056	2.00	62.72299	2.00	219.9	24.5	199.5	21.0	26.5	0.9	25.9	0.8	-76.9	56.8	6.3	C	R01D70
57.11	J001056.8+620420	2.73705	2.10	62.07227	2.10	97.5	13.3	90.1	10.5	27.3	1.7	24.8	1.4	-14.0	23.8	5.3	S	R01D70
57.60	J235641.9+613913	359.17484	2.00	61.65383	2.00	200.0	21.4	168.5	17.5	29.2	0.9	25.4	0.7	67.3	7.8	4.5	S	R01D69