7.11	J170112.7-301306	255.30316	2.00	-30.21840	2.00	345.6	35.8	321.6	32.6	40.0	0.8	25.8	0.4	2.8	1.7	5.5	S	R52D13
11.31	J170109.7-295441	255.29070	2.00	-29.91163	2.00	11497.6	1149.9	11050.0	1105.0	39.3	0.0	26.0	0.0	1.7	0.1	5.4	M	R52D13
12.98	J170041.3-301709	255.17244	2.00	-30.28607	2.00	617.7	62.5	602.5	60.5	39.0	0.4	25.3	0.2	0.2	0.9	5.6	S	R52D13
14.42	J170006.1-300346	255.02559	2.30	-30.06284	2.70	109.8	14.1	66.8	8.9	45.6	4.4	34.6	2.7	5.6	15.0	5.5	S	R52D13
17.46	J170135.5-294918	255.39827	2.00	-29.82180	2.10	234.6	25.3	219.0	22.6	39.9	1.2	25.8	0.5	-2.4	2.6	5.5	S	R52D13
19.28	J170125.9-294657	255.35828	2.00	-29.78262	2.10	174.6	19.8	162.5	17.1	40.5	1.7	25.4	0.7	1.2	3.4	5.5	S	R52D13
22.84	J165953.9-295038	254.97479	2.20	-29.84393	3.20	35.0	10.2	40.2	6.5	36.2	5.8	23.1	2.3	0.2	13.4	5.4	S	R52D13
26.35	J170220.4-294413	255.58525	2.10	-29.73703	2.30	108.1	14.4	99.7	11.4	40.7	2.8	25.6	1.1	-2.7	5.6	5.6	S	R52D13
27.82	J170137.4-293844	255.40610	2.10	-29.64563	2.40	80.0	12.5	77.5	9.5	37.7	3.2	26.2	1.6	0.9	9.1	5.6	S	R52D13
31.12	J170027.2-303535	255.11336	2.20	-30.59308	2.00	907.2	92.2	443.2	44.7	78.5	2.2	25.6	0.3	-4.1	1.2	5.6	M	R52D13
31.73	J170039.9-303658	255.16632	2.40	-30.61617	2.80	149.8	17.2	75.7	9.6	56.1	5.2	33.8	2.2	26.9	8.2	5.6	C	R52D13
32.90	J170021.8-293456	255.09105	2.20	-29.58243	3.10	40.4	10.8	44.2	7.0	36.5	5.6	24.0	2.4	1.1	13.9	5.7	S	R52D13
33.04	J170034.7-303803	255.14465	2.20	-30.63419	2.30	167.1	19.0	99.2	11.6	43.3	2.8	37.3	2.2	10.0	18.0	5.6	C	R52D13
34.34	J170208.9-303803	255.53723	2.30	-30.63442	3.50	47.3	10.4	41.6	6.8	41.4	6.6	26.3	2.8	2.0	14.0	5.4	S	R52D13
35.67	J170238.2-293537	255.65935	2.00	-29.59379	2.20	120.9	15.3	118.1	13.0	37.7	2.0	26.1	1.0	6.3	5.6	5.5	S	R52D13
36.99	J170401.7-301036	256.00735	2.10	-30.17694	2.70	61.3	11.4	59.9	8.1	39.3	4.4	25.0	1.8	4.6	9.3	5.6	S	R52D13
37.77	J165836.3-302312	254.65137	2.20	-30.38682	3.50	42.3	9.7	39.5	6.3	42.0	6.8	24.4	2.4	4.8	12.0	5.2	S	R52D13
38.57	J165913.9-303457	254.80794	2.30	-30.58265	3.30	64.2	10.8	48.0	7.2	45.0	6.1	28.5	2.6	-7.8	12.5	5.2	S	R52D13
39.90	J170244.4-293130	255.68515	2.00	-29.52506	2.00	322.3	33.5	298.7	30.3	39.9	0.9	25.9	0.4	1.8	1.7	5.4	S	R52D13
40.24	J170100.9-304609	255.25377	2.00	-30.76942	2.40	84.5	13.1	91.4	10.6	38.6	3.0	23.0	1.0	-1.0	5.5	5.8	S	R52D13
41.73	J170411.3-302130	256.04730	2.20	-30.35839	2.80	82.9	12.2	64.9	8.4	44.2	4.5	27.8	1.9	4.8	8.6	5.4	S	R52D13
42.15	J170344.6-293954	255.93617	2.10	-29.66509	2.50	102.3	13.4	77.6	9.4	43.3	3.6	29.2	1.7	-7.9	8.2	5.2	S	R52D13
42.31	J170054.0-304807	255.22536	2.00	-30.80220	2.00	973.7	97.9	894.4	89.6	39.5	0.3	26.5	0.1	0.3	0.7	5.8	S	R52D13
47.27	J170438.6-302133	256.16104	2.10	-30.35922	2.30	153.0	17.5	106.8	12.0	46.1	2.8	29.8	1.3	9.0	5.3	5.3	S	R52D13
47.70	J170445.6-301759	256.19022	2.00	-30.29992	2.20	164.0	18.6	129.3	14.0	44.8	2.3	27.2	0.9	0.8	3.6	5.3	S	R52D13
47.98	J170229.1-292102	255.62161	2.00	-29.35074	2.00	635.8	64.3	615.2	61.7	38.7	0.4	25.6	0.2	1.9	0.7	5.4	S	R52D13
48.83	J170455.5-301259	256.23145	2.30	-30.21659	2.90	54.4	10.7	48.0	7.3	38.7	5.1	28.1	2.7	4.4	16.2	5.4	S	R52D13
48.84	J165956.9-305205	254.98723	2.00	-30.86814	2.00	11182.1	1118.3	10641.3	1064.1	40.6	0.0	26.7	0.0	6.0	0.1	5.6	M	R52D13
48.91	J170354.5-293206	255.97743	2.00	-29.53518	2.10	168.9	19.0	146.8	15.6	40.4	1.7	27.3	0.8	1.0	3.9	5.2	S	R52D13
49.90	J170339.4-304428	255.91428	2.50	-30.74122	4.00	55.0	9.9	37.9	6.4	48.4	8.2	28.8	3.2	-13.4	13.4	5.1	S	R52D13
51.82	J165733.6-294449	254.39035	2.10	-29.74719	2.30	99.2	12.8	88.9	10.1	40.0	2.6	26.8	1.2	7.5	6.8	4.8	S	R52D13
52.45	J170506.1-295234	256.27576	2.20	-29.87636	3.10	68.6	11.2	54.1	7.6	44.6	5.5	27.3	2.2	6.5	9.7	5.3	S	R52D13
52.48	J165758.6-293427	254.49425	2.00	-29.57424	2.00	338.0	34.8	269.8	27.4	42.1	0.9	28.6	0.4	-4.1	2.6	4.9	S	R52D13
53.86	J165839.9-292325	254.66655	2.10	-29.39048	2.30	152.0	17.7	112.0	12.5	46.1	2.9	28.3	1.2	16.4	5.5	5.6	S	R52D13
54.08	J165818.5-292710	254.57716	2.00	-29.45281	2.00	343.4	35.5	306.2	31.0	41.2	0.9	26.1	0.4	-1.5	2.1	5.2	S	R52D13
55.73	J170104.5-310142	255.26915	2.00	-31.02847	2.00	439.4	45.0	335.6	34.1	41.6	0.9	30.2	0.5	13.8	2.6	5.9	S	R52D13
56.31	J170249.4-291348	255.70595	2.10	-29.23027	2.50	69.3	11.7	73.2	9.0	37.7	3.4	24.1	1.4	-0.4	7.3	5.5	S	R52D13
56.64	J165718.1-303141	254.32544	2.00	-30.52820	2.10	189.1	20.9	169.1	17.7	38.9	1.4	27.6	0.7	2.7	4.6	5.2	C	R52D13
57.09	J165806.2-304642	254.52608	2.00	-30.77837	2.20	117.2	14.8	122.5	13.2	37.5	1.9	24.5	0.8	1.4	4.9	5.2	S	R52D13
57.18	J170357.4-292130	255.98920	2.20	-29.35845	2.90	59.3	10.6	52.0	7.3	41.0	5.0	26.7	2.2	0.2	11.0	5.2	S	R52D13
58.82	J165647.9-302017	254.19960	2.00	-30.33831	2.00	1127.0	113.3	1021.6	102.3	39.3	0.3	26.3	0.1	7.3	0.6	5.3	M	R52D13
58.92	J165743.7-292810	254.43248	2.20	-29.46958	2.70	66.4	10.5	55.7	7.4	41.8	4.4	27.4	2.0	3.2	10.4	4.8	S	R52D13
58.99	J165842.5-291644	254.67732	2.10	-29.27900	2.50	73.3	12.3	71.0	9.1	38.4	3.7	25.8	1.7	-0.6	9.8	5.7	S	R52D13
60.22	J165647.3-294734	254.19727	2.00	-29.79294	2.20	110.9	13.5	98.4	10.8	39.9	2.2	27.1	1.0	2.7	6.2	4.5	S	R52D13
60.40	J170538.0-294754	256.40836	2.30	-29.79837	3.20	36.6	10.0	39.7	6.4	36.9	5.8	24.0	2.4	-4.1	13.5	5.3	S	R52D13
61.07	J165706.7-293557	254.27831	2.10	-29.59929	2.40	98.0	12.3	75.7	8.9	43.6	3.2	28.5	1.4	3.9	7.5	4.5	S	R52D13
61.32	J165646.1-302737	254.19249	2.10	-30.46037	2.30	84.4	12.3	87.5	10.1	36.6	2.5	25.3	1.2	-6.6	7.7	5.2	S	R52D13
61.38	J170353.6-291538	255.97340	2.10	-29.26078	2.00	886.6	89.4	358.6	36.2	64.0	1.3	31.8	0.4	-7.3	1.3	5.3	M	R52D13
61.46	J165644.3-294536	254.18488	2.50	-29.76017	2.50	113.6	13.3	60.9	7.7	47.8	4.1	37.5	2.7	41.3	15.6	4.5	S	R52D13
61.55	J170449.4-304553	256.20605	2.10	-30.76490	2.20	204.1	22.0	124.9	13.6	43.5	2.0	36.0	1.5	-33.5	9.8	5.1	S	R52D13