1.90	J021908.8+423258	34.78674	2.00	42.54964	2.00	4790.1	479.1	2305.7	230.6	60.9	0.3	26.6	0.1	71.1	0.3	3.8	M	R07D60
3.03	J021909.0+422928	34.78767	2.00	42.49113	2.00	420.8	42.6	357.5	36.0	28.0	0.3	26.2	0.3	-17.9	6.7	3.8	S	R08D59
9.89	J021806.3+423217	34.52644	2.00	42.53825	2.00	432.1	43.6	395.2	39.7	26.6	0.2	25.7	0.2	-6.7	13.3	3.5	S	R07D60
12.76	J021750.7+423153	34.46152	2.00	42.53154	2.20	140.2	15.0	78.2	8.6	42.6	2.3	26.3	1.0	4.8	6.3	3.4	S	R07D60
14.08	J021817.6+424343	34.57366	2.00	42.72879	2.00	274.7	28.2	209.9	21.3	30.4	0.6	26.9	0.5	0.3	7.8	3.7	S	R07D60
14.67	J022019.6+423205	35.08179	2.00	42.53489	2.00	322.5	33.2	280.8	28.5	27.7	0.5	25.9	0.4	45.7	10.7	4.7	S	R08D59
14.70	J021956.1+422134	34.98415	2.20	42.35958	2.30	58.7	9.5	51.0	6.8	28.8	2.7	24.9	2.0	12.4	26.6	4.4	S	R08D59
18.12	J021844.4+424953	34.68525	2.10	42.83159	2.20	115.0	13.1	72.0	8.3	37.0	2.4	27.0	1.4	-30.9	10.2	3.9	C	R07D60
18.87	J021839.7+425030	34.66550	2.50	42.84171	2.40	70.8	9.4	40.7	5.9	34.8	3.8	31.2	3.1	60.3	42.6	3.9	C	R07D60
19.00	J021823.1+424945	34.59661	2.00	42.82925	2.10	84.1	10.6	85.0	9.3	25.6	1.2	24.2	1.0	14.4	33.9	3.8	S	R07D60
24.23	J021720.8+421607	34.33676	2.00	42.26886	2.00	995.4	99.7	840.0	84.1	28.6	0.1	25.9	0.1	6.2	3.0	3.2	S	R07D60
24.97	J022113.0+423653	35.30427	2.00	42.61487	2.10	180.6	20.5	148.4	16.0	30.1	1.3	25.3	0.9	-16.6	8.5	5.7	S	R08D60
25.50	J021839.5+425713	34.66489	2.30	42.95379	2.30	55.0	8.4	44.0	5.9	31.7	3.2	24.7	2.0	42.0	18.0	3.8	S	R07D60
26.36	J022056.7+421649	35.23653	2.10	42.28041	2.10	159.5	17.9	98.8	11.3	36.3	2.2	27.8	1.4	-44.5	9.7	5.0	S	R08D59
28.26	J021720.4+421033	34.33510	2.00	42.17589	2.00	110.2	12.3	100.9	10.6	26.5	0.9	25.8	0.8	46.3	47.8	3.2	S	R08D59
29.64	J021625.8+424036	34.10791	2.00	42.67687	2.00	202.6	20.8	191.1	19.3	26.2	0.4	25.3	0.4	13.2	19.3	2.8	S	R07D60
32.24	J021825.7+430337	34.60712	2.00	43.06035	2.00	500.5	50.7	210.1	21.3	46.8	1.1	26.0	0.4	-55.2	1.8	3.5	M	R07D60
33.07	J021821.7+430418	34.59073	2.00	43.07191	2.00	627.3	63.3	304.3	30.6	44.5	0.7	26.8	0.3	-59.6	1.5	3.5	M	R07D60
34.87	J021717.7+430123	34.32415	2.00	43.02326	2.00	947.3	94.9	809.4	81.0	27.9	0.1	26.3	0.1	-45.3	4.1	3.1	S	R07D60
35.58	J021925.0+430716	34.85445	2.40	43.12134	2.40	44.1	8.2	36.7	5.6	28.1	3.3	26.7	3.0	26.2	90.0	4.1	S	R08D61
35.63	J021711.2+420235	34.29705	2.10	42.04314	2.00	87.6	10.3	77.6	8.4	27.5	1.2	25.7	1.0	81.0	25.9	3.1	C	R08D59
35.67	J021843.0+430732	34.67950	2.10	43.12566	2.10	78.6	10.0	77.4	8.5	25.9	1.2	24.5	1.1	25.4	34.6	3.6	S	R08D61
35.89	J021749.8+430530	34.45769	2.40	43.09170	2.30	63.4	8.3	40.1	5.3	33.6	3.1	29.4	2.4	-73.4	30.5	3.3	S	R07D60
36.20	J021706.7+420227	34.27832	2.00	42.04105	2.00	190.0	19.7	164.8	16.8	27.3	0.5	26.4	0.5	61.5	22.5	3.1	C	R08D59
36.85	J021631.4+425647	34.13103	2.10	42.94639	2.10	69.3	8.4	61.4	6.8	27.8	1.4	25.4	1.1	39.4	22.8	2.8	S	R07D60
37.00	J022015.5+415744	35.06471	2.00	41.96229	2.00	1404.0	140.8	686.6	68.8	42.7	0.4	27.9	0.2	46.0	0.9	4.6	M	R08D59
37.17	J022012.2+415718	35.05106	2.00	41.95528	2.00	566.8	57.2	508.4	51.1	27.2	0.3	25.7	0.2	29.0	6.9	4.6	C	R08D59
39.88	J021525.5+423742	33.85656	2.10	42.62849	2.10	51.9	6.8	51.0	5.7	25.6	1.3	24.9	1.2	73.4	78.3	2.6	S	R07D60
40.26	J022132.0+420310	35.38338	2.20	42.05303	2.30	85.3	12.0	67.4	8.6	30.0	2.5	26.4	2.0	5.0	27.0	5.1	C	R08D59
40.40	J022134.5+420326	35.39416	2.20	42.05749	2.20	81.4	11.8	64.5	8.4	28.3	2.3	27.9	2.3	79.4	0.3	5.1	C	R08D59
40.46	J021520.6+423415	33.83601	2.00	42.57103	2.00	289.7	29.3	259.7	26.1	26.9	0.3	25.9	0.3	61.6	11.2	2.5	C	R07D60
40.84	J022232.9+422051	35.63742	2.20	42.34759	2.80	142.4	16.5	72.1	9.2	48.1	4.7	25.7	1.6	10.7	6.0	5.6	C	R08D60
41.25	J021853.3+415046	34.72218	2.00	41.84618	2.00	198.4	20.9	160.5	16.6	30.9	0.9	25.0	0.6	-29.2	5.3	3.9	S	R08D59
41.36	J021515.6+423347	33.81507	2.00	42.56307	2.00	595.8	59.8	364.1	36.5	52.2	0.6	25.6	0.2	65.3	0.8	2.5	M	R07D60
42.08	J021623.1+420130	34.09659	2.00	42.02514	2.00	183.2	19.0	157.7	16.1	27.2	0.5	26.7	0.5	23.7	38.5	2.9	S	R08D59
42.26	J022153.3+425948	35.47231	2.70	42.99690	3.00	87.7	14.4	51.9	9.3	35.1	5.6	30.1	4.2	-21.8	41.1	7.2	S	R08D60
42.37	J021753.5+415127	34.47302	2.00	41.85765	2.00	170.1	17.9	135.9	14.0	28.2	0.7	27.7	0.7	-41.7	56.7	3.4	S	R08D59
42.53	J021648.8+415704	34.20342	2.20	41.95124	2.30	45.6	6.9	37.3	4.9	30.4	2.8	25.1	2.0	22.3	19.2	3.1	S	R08D59
43.05	J021508.0+423730	33.78363	2.10	42.62525	2.20	33.4	5.5	31.7	4.1	27.3	2.3	24.1	1.8	-10.0	27.7	2.5	S	R07D60
46.34	J022303.2+424406	35.76334	2.00	42.73500	2.00	553.5	57.6	427.9	43.4	28.2	0.5	24.3	0.4	8.6	5.0	7.0	M	R08D60
47.52	J021443.1+422746	33.67997	2.20	42.46304	2.30	30.3	5.2	27.3	3.7	28.7	2.9	24.2	2.1	-11.3	24.4	2.5	S	R07D60
49.92	J021937.8+432126	34.90764	2.10	43.35728	2.00	113.9	13.4	105.3	11.3	26.9	1.1	25.1	1.0	-62.9	24.3	4.1	S	R08D61
50.31	J022239.2+430211	35.66372	2.00	43.03666	2.00	9045.8	904.9	5364.6	536.5	35.7	0.1	29.6	0.0	-33.5	0.4	7.5	M	R08D60
51.11	J022337.4+423251	35.90599	2.20	42.54765	2.20	108.3	14.3	85.9	10.4	29.9	2.1	26.3	1.7	-46.8	21.9	5.6	S	R08D60
51.54	J021431.9+421731	33.63331	2.00	42.29217	2.00	106.9	11.5	100.5	10.4	26.7	0.7	24.9	0.6	21.6	15.4	2.5	S	R07D60
52.06	J021523.7+430543	33.84877	2.10	43.09537	2.10	45.0	6.3	47.3	5.3	25.2	1.4	23.6	1.2	30.0	32.9	2.5	S	R07D60
53.02	J021428.5+424956	33.61898	2.00	42.83250	2.00	552.3	55.5	325.2	32.6	39.7	0.4	24.8	0.2	-22.9	1.0	2.4	M	R07D60
53.72	J021451.9+430032	33.71664	2.00	43.00890	2.10	83.8	9.3	62.9	6.8	31.3	1.4	26.6	1.0	-8.0	11.8	2.4	S	R07D60
53.74	J022256.5+430341	35.73578	2.10	43.06164	2.20	94.8	16.0	93.8	12.0	26.6	2.2	23.7	1.8	-3.6	28.6	7.5	S	R08D60
54.34	J022315.8+425919	35.81623	2.10	42.98881	2.30	20258.7	2026.6	1835.8	183.7	196.9	2.7	99.7	1.3	71.3	1.4	7.5	M	R08D60