3.21	J175015.6-370616	267.56512	2.00	-37.10452	2.00	1086.1	110.1	985.2	99.1	45.2	0.6	26.2	0.2	2.1	1.0	10.7	S	R54D10
8.13	J175000.7-371051	267.50320	2.10	-37.18088	2.70	227.5	30.0	190.6	22.2	53.0	4.3	26.6	1.2	5.1	4.7	11.8	S	R54D08
16.85	J175129.7-365603	267.87384	2.00	-36.93429	2.10	337.9	36.8	287.7	30.0	47.3	1.8	26.7	0.6	-0.2	2.5	8.8	S	R54D10
20.83	J175107.5-364521	267.78152	2.00	-36.75585	2.20	236.7	28.2	223.8	24.0	45.2	2.3	25.2	0.7	-1.5	3.2	9.0	S	R54D10
20.87	J175141.1-371424	267.92136	2.00	-37.24006	2.10	399.2	42.9	370.7	38.1	47.1	1.5	25.8	0.5	-0.6	3.3	9.2	S	R55D09
21.65	J174840.6-365149	267.16919	2.00	-36.86362	2.00	3015.8	302.9	1795.6	180.0	53.1	0.5	36.8	0.3	-25.6	1.2	12.4	M	R54D10
22.24	J174829.6-365450	267.12369	2.10	-36.91416	2.50	265.3	33.8	223.9	25.5	47.5	3.4	26.8	1.1	-0.3	5.2	12.5	S	R54D10
22.77	J174835.3-365123	267.14740	2.00	-36.85653	2.00	2084.5	209.5	1859.1	186.3	45.2	0.4	26.7	0.1	0.0	0.8	12.4	C	R54D10
23.40	J175111.4-364248	267.79764	2.00	-36.71360	2.10	454.6	47.9	429.0	43.7	44.2	1.1	25.8	0.4	1.5	1.7	8.9	S	R54D10
23.43	J174935.4-364055	267.39767	2.10	-36.68199	2.60	186.1	26.2	166.0	19.7	46.5	3.9	25.9	1.2	-2.2	5.7	10.9	S	R54D10
24.40	J175024.2-372724	267.60095	2.00	-37.45672	2.20	443.6	49.3	391.5	41.1	48.3	2.0	27.7	0.7	2.9	2.9	12.7	C	R54D08
24.54	J175016.7-372738	267.56973	2.20	-37.46063	2.20	768.1	81.5	329.3	35.3	52.4	2.6	43.2	1.9	45.5	10.9	12.7	M	R54D08
24.90	J175215.6-370753	268.06519	2.00	-37.13166	2.10	540.5	55.8	396.2	40.5	51.7	1.4	29.7	0.5	-7.1	3.2	8.4	S	R55D09
25.36	J174821.0-365111	267.08771	2.00	-36.85319	2.40	364.8	41.7	279.4	30.4	51.5	2.9	27.2	0.9	4.3	3.9	12.3	S	R54D10
25.59	J174815.5-365256	267.06467	2.00	-36.88235	2.00	1713.5	173.7	906.8	91.5	45.3	0.7	39.3	0.6	37.0	4.8	12.4	M	R54D10
27.48	J175210.5-371730	268.04395	2.00	-37.29194	2.00	908.2	92.0	753.5	75.9	48.0	0.7	28.2	0.3	-1.1	2.3	8.8	S	R55D09
28.51	J175216.0-364840	268.06708	2.00	-36.81114	2.30	147.9	20.3	155.6	17.3	42.1	2.7	24.3	0.9	1.2	4.1	8.0	S	R54D10
28.62	J174938.9-363518	267.41248	2.00	-36.58854	2.00	840.0	85.8	712.2	71.9	47.8	0.9	26.5	0.3	4.1	1.3	10.5	S	R54D10
29.90	J175116.9-373010	267.82083	2.00	-37.50286	2.40	286.9	34.0	249.2	27.0	51.8	2.9	26.3	0.8	4.0	3.1	10.9	S	R54D08
34.83	J174751.2-372328	266.96335	2.00	-37.39129	2.00	17234.3	1724.3	11303.3	1130.4	53.0	0.1	35.3	0.0	0.6	0.2	14.1	M	R54D09
37.86	J175115.9-362723	267.81638	2.20	-36.45661	3.50	86.7	17.1	77.2	11.4	46.5	6.7	26.0	2.2	4.4	9.6	8.7	S	R54D10
38.30	J174715.3-364848	266.81384	2.00	-36.81342	2.00	1349.1	136.4	1190.8	119.6	48.1	0.6	26.5	0.2	1.0	90.0	11.7	S	R54D09
41.46	J175340.7-370206	268.41998	2.20	-37.03512	4.00	62.7	13.7	57.5	8.9	49.6	8.2	24.7	2.1	-1.2	10.1	7.3	S	R55D09
42.67	J174818.0-373907	267.07526	2.00	-37.65219	2.50	232.7	33.2	231.1	26.5	47.1	3.6	25.3	1.0	-0.4	4.9	13.8	S	R54D08
45.28	J175331.8-364124	268.38254	2.00	-36.69019	2.30	216.0	24.7	171.7	18.6	49.9	2.7	28.4	0.9	-2.2	4.9	7.2	S	R55D09
46.30	J174951.2-361701	267.46362	2.60	-36.28362	3.70	97.9	18.5	72.9	12.2	46.9	7.5	30.8	3.4	14.4	15.9	9.5	S	R54D10
47.64	J175049.3-375012	267.70560	2.00	-37.83669	2.10	686.1	72.0	655.1	66.6	48.7	1.2	25.4	0.3	2.7	1.4	12.8	S	R54D08
51.22	J175355.4-372855	268.48096	2.00	-37.48220	2.50	128.2	17.9	123.6	14.1	47.2	3.6	24.7	1.0	-2.0	5.4	7.4	S	R55D09
53.11	J175254.2-374529	268.22614	2.00	-37.75809	2.00	18513.1	1851.6	9136.3	913.7	61.6	0.1	36.6	0.0	-20.1	0.1	9.0	M	R54D08
54.98	J175441.1-371610	268.67148	2.00	-37.26951	2.10	352.1	37.0	309.9	31.7	49.0	1.4	26.1	0.4	-2.0	2.6	6.8	S	R55D09
56.33	J175149.6-361012	267.95697	2.20	-36.17017	2.90	125.5	18.4	97.3	12.7	47.7	5.0	29.1	2.0	1.3	8.5	8.1	S	R54D10
58.23	J174524.8-365420	266.35361	2.10	-36.90573	2.70	213.4	26.6	157.7	18.6	52.5	4.2	29.0	1.4	5.2	4.8	9.8	S	R54D09
58.25	J174650.4-362121	266.71024	2.20	-36.35590	3.70	119.5	19.7	88.4	13.0	52.6	7.5	27.7	2.3	6.0	9.7	9.7	S	R54D10
58.39	J174941.4-360503	267.42255	2.10	-36.08441	2.30	453.9	47.4	241.2	25.9	62.2	3.0	32.5	1.0	-17.9	3.5	9.2	S	R54D10
61.18	J174650.5-374913	266.71051	2.10	-37.82035	3.50	141.9	23.5	117.5	16.0	53.3	6.7	26.8	1.8	-1.3	7.8	11.3	S	R54D08
62.34	J175228.5-375921	268.11908	2.00	-37.98930	2.40	117.1	21.1	153.5	17.6	39.7	3.1	22.7	0.9	2.1	4.6	9.9	C	R54D08
62.55	J175522.1-371359	268.84241	2.00	-37.23324	2.00	1081.0	108.7	1009.3	101.1	46.0	0.4	26.2	0.1	1.7	1.3	6.6	S	R55D09
63.10	J175229.2-380008	268.12183	2.00	-38.00229	2.00	12788.5	1279.2	11748.3	1174.9	49.9	0.1	26.1	0.0	3.1	0.1	9.9	M	R54D08
63.90	J175107.0-380606	267.77930	2.40	-38.10181	4.30	159.2	25.1	103.2	16.1	58.6	9.0	31.1	2.9	10.7	10.3	12.3	S	R54D08
64.42	J175535.8-370540	268.89920	2.40	-37.09466	3.90	57.0	12.3	48.4	8.0	47.5	8.0	27.9	2.9	-6.5	13.4	6.5	S	R55D09
64.77	J175440.4-362640	268.66858	2.00	-36.44453	2.10	327.6	34.6	288.0	29.5	49.6	1.5	25.8	0.4	-1.9	2.6	6.6	S	R55D09
64.83	J174849.0-360030	267.20435	2.00	-36.00848	2.00	1697.2	170.4	1652.1	165.4	44.0	0.3	25.1	0.1	-0.7	0.7	9.2	S	R54D10
64.92	J175209.3-380347	268.03891	2.00	-38.06327	2.00	1824.9	184.2	1239.7	124.4	52.5	0.6	29.5	0.2	-10.8	0.8	10.5	M	R54D08
65.55	J175541.4-370556	268.92264	2.00	-37.09893	2.00	1076.1	108.2	1039.4	104.1	46.2	0.4	25.2	0.1	-0.3	1.2	6.4	S	R55D09
66.24	J175507.0-373416	268.77951	2.00	-37.57121	2.10	266.2	28.9	247.2	25.5	47.8	1.6	25.3	0.5	-0.2	2.8	6.6	S	R55D09
66.63	J174834.7-380648	267.14465	2.00	-38.11361	2.00	3314.6	333.0	2545.3	254.9	49.6	0.3	29.6	0.1	-6.5	0.5	13.1	M	R54D08
66.68	J175529.4-372503	268.87265	2.10	-37.41751	3.10	94.2	14.2	77.3	9.9	51.8	5.6	26.5	1.6	-3.8	7.2	6.5	S	R55D09
67.10	J174606.9-361738	266.52908	2.80	-36.29413	4.30	137.5	19.8	70.7	12.2	55.5	8.9	37.7	4.6	-6.4	19.1	9.4	S	R54D10
67.76	J174900.3-355656	267.25137	2.00	-35.94899	2.00	1114.4	112.3	607.9	61.6	55.4	1.0	35.6	0.5	19.6	2.0	9.2	C	R54D10
68.08	J174527.3-362615	266.36401	2.00	-36.43757	2.20	312.3	35.1	289.1	30.3	46.6	1.9	26.1	0.6	0.3	2.0	9.4	S	R54D09