5.86	J193235.1+191203	293.14630	2.20	19.20084	2.20	81.3	11.1	66.4	8.1	27.8	2.0	27.5	1.9	79.8	0.2	4.5	S	R59D46
11.48	J193245.0+190651	293.18777	2.30	19.11425	2.30	127.5	14.5	68.3	8.3	43.4	3.5	26.9	1.6	43.6	7.8	4.5	S	R59D46
16.19	J193225.5+193246	293.10663	2.00	19.54629	2.00	353.0	35.9	349.5	35.2	25.4	0.3	24.8	0.3	27.5	19.4	3.8	S	R59D46
17.39	J193106.1+191746	292.77570	2.00	19.29619	2.00	264.2	27.3	199.3	20.4	29.2	0.6	28.4	0.6	16.3	30.8	4.0	S	R59D46
18.74	J193223.8+193521	293.09940	2.60	19.58940	2.50	32.6	7.2	28.9	4.8	29.5	4.3	23.8	2.9	52.5	28.3	3.8	S	R59D46
21.87	J193351.0+191300	293.46283	2.10	19.21684	2.10	101.6	12.3	87.5	9.7	28.1	1.4	25.9	1.2	82.2	25.0	4.1	S	R59D46
24.60	J193357.8+192458	293.49106	2.00	19.41627	2.00	390.8	39.7	371.8	37.4	25.8	0.3	25.4	0.3	85.4	26.4	3.9	S	R59D46
26.31	J193250.8+185123	293.21182	2.50	18.85653	2.60	45.5	8.6	34.8	5.7	29.1	3.9	28.1	3.6	-25.9	90.0	4.3	S	R59D46
27.59	J193413.2+192316	293.55511	2.20	19.38786	2.50	235.8	25.0	77.7	8.7	52.1	4.1	24.7	1.2	62.1	5.0	3.9	M	R59D46
27.93	J193355.0+193312	293.47943	3.00	19.55360	2.50	38.5	7.5	28.2	4.9	33.7	5.5	25.4	3.2	67.9	24.1	3.9	S	R59D46
29.91	J193140.2+184813	292.91776	2.00	18.80375	2.00	1924.7	192.7	1378.6	137.9	30.6	0.1	27.7	0.1	65.1	1.5	4.4	M	R59D46
30.99	J193009.6+192058	292.54010	2.10	19.34960	2.10	74.0	9.8	63.7	7.5	27.6	1.7	26.3	1.6	89.1	52.1	3.8	S	R59D46
31.51	J193318.7+184823	293.32812	2.70	18.80666	2.80	86.5	10.7	39.2	6.0	43.4	5.5	31.7	3.3	41.9	18.3	4.2	S	R59D46
31.65	J193030.5+193504	292.62732	2.00	19.58450	2.00	283.8	29.1	276.4	27.9	25.6	0.3	25.1	0.3	46.6	27.7	3.6	S	R59D46
32.39	J193317.0+184713	293.32108	2.40	18.78718	2.70	68.3	9.5	39.7	6.0	36.6	4.5	29.4	3.1	16.9	24.3	4.2	S	R59D46
33.52	J193107.6+184746	292.78204	2.00	18.79614	2.00	1373.9	137.6	1036.3	103.7	29.7	0.1	27.9	0.1	49.3	3.0	4.3	S	R59D46
34.17	J193108.4+194624	292.78513	2.00	19.77352	2.00	294.8	30.2	236.1	23.9	30.6	0.6	25.5	0.4	87.1	4.2	3.8	S	R59D46
35.54	J193030.1+185217	292.62579	2.30	18.87142	2.40	463.9	47.0	79.5	9.0	62.7	3.6	41.1	2.0	58.9	6.9	4.2	M	R59D46
35.76	J193329.4+184454	293.37274	2.00	18.74861	2.00	167.1	18.2	141.4	14.8	29.8	1.0	24.8	0.7	49.5	7.6	4.2	S	R59D46
40.70	J193153.9+195653	292.97464	2.20	19.94826	2.20	68.9	9.7	56.7	7.1	28.5	2.2	26.6	1.9	-26.9	44.9	4.0	S	R59D46
41.23	J193009.0+194403	292.53763	2.00	19.73437	2.00	275.9	28.3	242.3	24.5	28.3	0.5	25.2	0.4	-19.5	5.7	3.6	S	R59D46
42.09	J192922.8+191117	292.34512	2.00	19.18809	2.00	222.6	23.2	222.1	22.5	25.4	0.4	24.7	0.4	35.8	25.2	3.7	S	R59D46
44.43	J193431.2+194828	293.63037	2.20	19.80793	2.30	43.6	8.0	41.6	5.7	27.3	2.8	24.0	2.1	30.1	31.9	3.9	S	R59D46
45.39	J193255.4+200115	293.23111	2.00	20.02093	2.00	129.4	14.6	113.7	12.1	27.5	1.0	25.9	0.9	-58.7	26.4	4.0	S	R59D46
47.08	J192956.8+184349	292.48709	2.60	18.73050	2.80	75.1	9.8	38.7	5.9	40.2	5.0	30.2	3.1	-35.3	19.2	4.1	S	R59D46
47.91	J193135.0+182954	292.89600	2.00	18.49859	2.00	169.8	18.6	155.6	16.2	27.2	0.8	25.1	0.7	9.4	14.9	4.3	S	R59D46
48.45	J193013.7+183825	292.55740	2.00	18.64053	2.00	269.7	27.8	168.1	17.4	36.7	1.1	27.4	0.7	59.5	4.4	4.2	S	R59D46
48.88	J193311.9+200357	293.29990	2.00	20.06586	2.00	191.2	20.3	156.6	16.2	30.2	0.9	25.3	0.6	85.2	7.0	4.0	S	R59D46
50.10	J192851.7+192648	292.21542	2.10	19.44689	2.20	101.7	11.6	67.2	7.6	35.8	2.2	26.5	1.3	-32.4	8.4	3.4	S	R59D46
50.72	J192850.0+192755	292.20853	2.30	19.46546	2.50	79.4	9.5	40.7	5.5	37.9	3.6	32.1	2.7	-23.5	24.2	3.4	S	R59D46
53.59	J193432.5+183313	293.63553	2.10	18.55378	2.10	98.2	12.1	90.6	10.0	27.5	1.3	24.6	1.1	-37.7	17.9	4.1	S	R59D46
54.10	J192842.6+185922	292.17770	2.00	18.98957	2.00	142.7	15.6	125.5	13.1	27.5	0.9	25.8	0.8	3.4	19.9	3.7	S	R59D46
54.56	J192848.3+193852	292.20126	2.40	19.64789	2.20	63.2	8.5	44.2	5.8	33.4	3.0	26.7	2.0	74.8	17.0	3.5	S	R59D46
55.44	J192850.3+185136	292.20969	2.10	18.86026	2.10	50.2	8.4	53.3	6.5	25.7	1.9	23.0	1.5	36.4	27.2	3.9	S	R59D46
57.28	J193006.9+200439	292.52911	2.00	20.07772	2.00	145.3	16.0	129.9	13.6	26.9	0.9	26.0	0.8	-33.0	40.5	4.0	S	R59D46
57.53	J193311.8+201251	293.29947	2.10	20.21431	2.10	76.6	10.3	71.8	8.2	26.1	1.5	25.6	1.4	15.0	90.0	4.0	S	R59D46
57.91	J193624.9+191506	294.10416	2.10	19.25189	2.10	68.6	9.7	62.2	7.4	26.7	1.8	25.8	1.7	80.2	84.9	4.0	S	R59D46
58.95	J193626.7+192537	294.11133	2.10	19.42716	2.10	107.7	12.6	85.9	9.5	29.9	1.5	26.3	1.2	81.8	15.8	3.9	S	R60D47
59.67	J193126.9+201500	292.86230	2.00	20.25017	2.00	261.5	27.7	175.9	18.0	32.4	0.9	23.9	0.5	-70.7	3.7	3.8	M	R59D46
60.02	J193519.6+195910	293.83167	2.00	19.98612	2.00	121.8	13.9	106.7	11.4	28.2	1.1	25.3	0.9	52.2	14.8	3.9	S	R60D47
60.35	J193325.3+201459	293.35571	2.00	20.24984	2.00	555.5	56.0	443.7	44.6	28.8	0.3	27.2	0.3	-83.1	7.0	4.0	S	R59D46
60.43	J192805.1+192331	292.02164	2.30	19.39204	2.30	32.3	6.7	32.9	4.7	25.0	2.6	24.5	2.5	-4.2	90.0	3.4	S	R59D46
60.58	J193320.2+181747	293.33447	2.00	18.29653	2.10	117.6	13.9	109.8	11.8	26.8	1.1	25.0	0.9	-28.9	23.3	4.3	S	R59D46
62.43	J193246.9+201845	293.19547	2.30	20.31251	2.20	103.5	12.1	60.1	7.3	36.8	2.8	29.3	1.9	75.0	14.5	3.9	S	R59D46
62.73	J193147.4+181422	292.94751	2.10	18.23972	2.10	85.7	11.3	83.9	9.4	26.4	1.4	24.2	1.2	-1.1	25.3	4.3	S	R59D46
64.13	J193426.9+182001	293.61234	2.00	18.33377	2.00	1286.9	128.9	1111.7	111.3	28.5	0.1	25.4	0.1	-46.0	1.8	4.3	S	R59D46
64.18	J193208.0+202046	293.03348	2.00	20.34623	2.00	117.2	13.5	106.8	11.4	26.5	1.0	25.9	0.9	61.2	58.9	3.8	S	R59D46
64.20	J193056.4+201747	292.73517	2.40	20.29647	2.40	44.8	7.9	36.7	5.4	28.8	3.3	26.5	2.8	-32.0	54.2	3.8	S	R59D46
64.64	J192757.3+185814	291.98911	2.10	18.97063	2.00	91.7	11.1	89.6	9.7	25.8	1.1	24.8	1.0	-65.6	40.0	3.6	S	R59D46
64.76	J193400.9+201652	293.50385	2.50	20.28125	2.30	64.0	9.3	44.0	6.2	34.2	3.8	26.6	2.4	61.7	17.7	4.1	S	R60D47