22.28	J162203.4-494513	245.51453	2.30	-49.75378	5.50	166.5	22.6	103.0	13.9	88.7	12.2	30.4	1.8	10.0	5.1	10.5	S	R50D03
33.94	J162418.8-503701	246.07845	2.00	-50.61722	2.60	359.3	39.5	281.4	29.6	77.7	3.9	30.3	0.7	3.6	3.2	10.2	S	R50D02
36.38	J162508.9-503541	246.28746	2.10	-50.59493	3.70	364.1	38.9	195.0	21.4	106.1	7.3	32.4	0.9	6.3	3.5	10.1	S	R50D02
36.85	J162433.9-493122	246.14166	2.00	-49.52286	3.10	228.9	28.4	188.6	21.0	72.3	5.5	28.0	0.9	1.7	2.2	10.5	C	R50D03
37.13	J161930.5-495107	244.87730	2.20	-49.85218	4.90	145.0	21.9	101.9	14.2	75.1	10.4	31.6	2.1	1.0	6.7	10.5	S	R50D03
37.76	J162656.5-501130	246.73561	2.00	-50.19168	5.10	136.9	20.0	110.3	13.3	90.8	11.0	25.2	1.0	-0.7	3.9	9.5	S	R50D02
38.25	J162436.0-492959	246.15033	2.10	-49.49995	4.40	120.4	21.0	106.5	14.1	68.4	9.1	27.5	1.6	2.3	4.6	10.5	C	R50D03
39.58	J162710.0-500848	246.79187	2.00	-50.14669	3.20	200.2	25.5	189.4	20.4	80.9	5.8	24.1	0.5	-1.5	2.5	9.7	S	R50D02
41.56	J161849.5-495745	244.70653	2.10	-49.96252	3.20	285.3	32.7	187.3	21.1	79.8	6.0	31.8	1.1	2.1	3.7	10.5	S	R50D03
43.39	J162048.9-492744	245.20387	2.00	-49.46240	2.20	433.9	46.6	450.7	45.8	66.3	2.0	24.2	0.3	0.3	0.9	10.0	S	R50D03
43.70	J162243.7-492140	245.68211	2.20	-49.36132	4.40	214.4	26.0	121.2	15.4	84.5	9.2	34.9	2.0	-0.2	5.0	10.0	S	R50D03
46.92	J162604.2-504221	246.51778	2.10	-50.70608	3.40	254.6	29.8	177.1	19.9	83.0	6.4	31.9	1.1	5.3	4.1	10.1	S	R50D02
48.38	J162805.7-500528	247.02385	2.20	-50.09115	6.40	111.9	19.2	83.4	12.1	85.4	14.3	29.0	1.9	-0.8	6.4	10.1	S	R50D02
48.63	J162422.5-491818	246.09399	2.10	-49.30509	5.20	104.1	20.0	99.5	12.8	77.2	11.4	22.6	1.0	-3.1	3.1	10.4	S	R50D03
51.34	J162813.9-501832	247.05823	2.00	-50.30913	2.40	363.2	39.7	350.3	35.9	76.5	3.0	25.0	0.3	0.9	1.5	9.7	S	R50D02
54.21	J162115.2-491358	245.31369	2.00	-49.23300	2.00	1909.2	191.6	1744.3	174.6	69.7	0.5	26.2	0.1	0.4	0.0	9.6	S	R50D03
54.37	J162831.9-495153	247.13313	2.10	-49.86498	2.90	399.8	43.0	239.1	26.0	83.9	4.9	36.7	1.1	4.7	3.4	10.6	S	R50D02
58.50	J162521.6-505931	246.34029	2.00	-50.99196	3.70	132.7	21.7	138.4	16.0	72.2	7.3	24.5	0.8	1.2	4.0	10.1	S	R50D02
62.00	J161743.3-493106	244.43076	2.00	-49.51839	2.10	614.4	63.8	568.5	57.5	71.2	1.8	25.3	0.2	3.0	1.3	10.4	S	R50D03
63.10	J162232.5-490221	245.63545	2.10	-49.03928	4.10	80.9	18.2	92.2	11.9	62.1	8.6	23.5	1.2	1.0	4.2	9.3	S	R50D03
63.34	J162618.7-510032	246.57829	2.00	-51.00891	2.00	1825.2	183.1	1340.0	134.3	79.0	0.8	31.8	0.1	-4.2	1.1	9.6	S	R50D02
65.71	J161614.7-500851	244.06161	2.10	-50.14772	4.50	210.5	28.0	141.7	18.1	82.9	9.5	33.0	1.8	0.7	4.0	12.1	S	R49D02
66.71	J162507.8-510900	246.28252	2.00	-51.15014	2.40	404.1	43.9	380.5	39.0	78.2	3.0	25.0	0.3	0.8	2.1	10.5	S	R50D02
70.58	J161625.7-493558	244.10732	2.00	-49.59956	2.50	411.5	44.1	300.1	31.3	79.0	3.7	28.9	0.6	0.1	2.5	10.2	S	R50D03
72.82	J163008.5-494012	247.53577	2.00	-49.67011	2.20	774.8	79.3	526.9	53.6	84.9	2.4	31.9	0.4	-0.2	1.2	10.9	S	R50D02
72.94	J161842.9-490550	244.67899	2.10	-49.09733	2.00	586.3	63.1	492.1	50.2	64.7	1.8	25.8	0.3	3.2	1.1	10.1	M	R50D03
74.94	J161736.1-505906	244.40057	2.50	-50.98510	2.30	1487.6	154.3	467.4	50.4	76.3	3.6	62.2	2.6	-4.1	10.1	18.8	M	R49D02
76.45	J161621.4-492504	244.08923	2.00	-49.41797	2.00	1438.1	144.9	1349.1	135.2	69.1	0.7	25.7	0.1	1.5	1.1	10.5	S	R50D03
77.12	J161753.9-510436	244.47462	2.10	-51.07673	2.30	2111.7	212.7	761.1	78.5	91.8	2.7	55.7	1.2	13.2	1.3	18.8	C	R49D02
77.89	J161558.4-504333	243.99345	2.20	-50.72587	2.20	2915.8	293.8	766.3	78.6	96.8	2.6	60.5	1.3	50.5	2.9	17.3	M	R49D02
77.97	J161720.6-510057	244.33615	4.90	-51.01609	3.50	7927.9	798.6	641.9	66.9	251.0	11.8	99.2	4.0	27.1	3.9	18.8	M	R49D02
78.69	J161537.2-503839	243.90533	2.20	-50.64422	2.00	2046.6	207.2	1001.6	101.6	98.9	2.3	32.2	0.3	5.1	0.9	17.2	M	R49D02
79.56	J161737.7-510538	244.40724	2.00	-51.09411	2.10	13388.6	1340.4	1744.1	175.4	148.6	1.8	81.8	0.8	70.5	1.2	18.8	M	R49D02
79.84	J161526.8-493436	243.86201	2.00	-49.57690	2.30	430.2	46.2	387.8	39.8	69.3	2.5	26.7	0.4	2.3	2.3	10.3	S	R50D03
81.29	J162502.9-512420	246.26241	2.00	-51.40564	2.00	2984.8	299.7	2659.6	266.2	71.9	0.4	27.0	0.1	1.4	0.2	11.4	M	R50D02
81.52	J161721.9-510602	244.34132	2.10	-51.10078	2.40	1609.3	163.1	692.3	71.9	87.8	2.9	48.8	1.1	-0.6	1.3	18.8	C	R49D02
81.82	J161509.3-503613	243.78912	4.10	-50.60372	3.30	903.9	92.7	224.1	28.1	113.9	9.6	65.3	4.4	57.2	7.1	17.4	C	R49D02
82.08	J163115.4-502918	247.81441	2.00	-50.48837	3.60	138.8	21.7	149.7	16.7	75.2	7.0	22.7	0.6	1.2	2.1	9.8	S	R50D02
82.11	J162231.9-512712	245.63326	2.10	-51.45339	2.00	1573.9	162.4	1138.6	114.4	76.5	1.1	29.1	0.2	5.1	0.5	11.2	M	R50D02
83.91	J161457.0-503656	243.73750	2.20	-50.61558	2.20	2318.9	234.5	726.3	74.7	99.3	3.0	53.0	1.1	38.8	2.4	17.4	M	R49D02
84.58	J161446.1-503414	243.69247	2.00	-50.57060	2.30	832.4	87.2	638.3	65.5	78.7	2.8	30.5	0.5	1.7	0.5	16.4	S	R49D02
84.67	J161505.9-504208	243.77467	2.10	-50.70243	3.90	338.2	43.6	240.5	29.0	80.1	7.9	32.4	1.5	-1.9	3.5	17.7	S	R49D02
84.98	J163148.1-495356	247.95081	2.00	-49.89894	3.20	237.5	28.7	185.9	20.7	78.4	5.9	30.0	1.0	-3.7	2.7	10.2	S	R50D02
85.32	J163152.6-495649	247.96936	2.10	-49.94707	5.20	126.7	20.4	108.4	13.5	85.4	11.2	25.2	1.1	-0.3	3.4	10.1	S	R50D02
86.12	J161444.8-503802	243.68674	2.40	-50.63416	2.30	3282.6	329.5	694.5	71.6	143.4	4.0	59.1	1.2	40.9	1.9	17.4	M	R49D02
86.96	J162251.3-483818	245.71381	2.00	-48.63857	2.20	827.9	84.1	476.1	48.6	73.9	1.9	39.2	0.6	7.2	1.3	9.7	S	R50D03
88.87	J161434.5-504118	243.64380	3.40	-50.68849	2.00	2508.2	254.1	602.5	62.7	189.1	6.6	33.0	0.4	5.3	1.1	17.4	M	R49D02
89.73	J161506.6-491930	243.77757	2.10	-49.32523	4.70	105.4	20.9	96.7	13.7	65.6	9.9	27.7	1.8	1.4	7.4	10.8	S	R50D03
89.74	J161436.7-504413	243.65302	2.10	-50.73717	7.40	282.5	36.2	168.2	21.1	121.2	16.8	25.5	1.0	-1.4	2.6	17.4	C	R49D02
89.78	J162608.8-513009	246.53673	2.00	-51.50256	2.00	2480.3	248.6	2052.4	205.5	77.2	0.5	28.9	0.1	0.4	1.0	10.6	S	R50D02