17.07	J185323.5-002136	283.34827	2.20	-0.36019	2.20	154.9	23.1	135.4	17.0	28.6	2.3	26.7	2.0	67.5	47.5	10.1	S	R57D32
21.84	J185351.8-002509	283.46585	2.00	-0.41926	2.00	1393.7	142.0	994.8	100.0	33.3	0.4	27.5	0.3	80.2	2.6	10.0	M	R57D32
22.89	J185336.1-002711	283.40076	2.10	-0.45324	2.10	224.1	28.3	212.9	23.6	26.7	1.3	26.3	1.2	22.8	90.0	10.0	S	R57D32
24.11	J185204.5+000929	283.01910	2.20	0.15826	2.20	776.5	79.1	252.6	27.9	49.3	2.4	40.9	1.8	-21.8	11.6	11.3	S	R57D34
42.01	J185152.9-004000	282.97076	2.00	-0.66677	2.00	1249.9	126.2	1139.3	114.4	28.2	0.3	26.0	0.2	0.9	4.7	10.4	S	R57D32
42.05	J185609.1+000203	284.03799	2.20	0.03434	2.20	155.6	24.5	150.3	18.7	27.3	2.1	25.1	1.8	36.7	35.8	11.0	S	R58D33
44.28	J185608.6+001108	284.03607	2.20	0.18580	2.10	242.3	30.1	173.0	20.8	32.3	2.2	28.7	1.8	72.2	24.5	10.8	S	R58D33
45.67	J185113.4+002738	282.80588	2.60	0.46081	2.40	128.7	21.5	94.6	14.4	31.4	3.8	28.4	3.1	-87.1	49.5	10.3	S	R57D34
45.91	J185233.7+003940	283.14059	3.80	0.66139	2.70	352.0	38.8	114.8	17.0	64.1	8.3	31.3	2.8	66.1	9.7	12.7	S	R57D34
46.22	J185220.5+003857	283.08582	2.60	0.64941	4.50	648.4	66.0	137.4	17.2	105.7	10.2	29.3	1.7	-20.0	5.1	12.6	S	R57D34
46.74	J185146.7+003531	282.94479	2.00	0.59211	2.00	4741.0	474.9	3037.2	303.9	32.8	0.1	29.9	0.1	52.2	2.0	11.8	M	R57D34
47.52	J185258.4+004234	283.24341	3.20	0.70969	2.70	311.3	35.8	121.5	17.9	52.3	6.5	32.1	3.0	61.1	12.3	12.7	C	R57D34
48.12	J185227.2+004131	283.11362	2.50	0.69202	2.70	266.3	32.8	128.9	18.8	40.2	4.5	33.7	3.4	19.9	27.6	12.6	C	R57D34
48.33	J185259.2+004325	283.24704	3.10	0.72383	2.40	953.0	96.2	172.8	20.8	80.4	5.9	45.0	2.7	71.7	7.2	12.7	C	R57D34
48.55	J185225.6+004150	283.10669	2.80	0.69736	2.90	214.0	28.7	114.8	17.4	45.6	6.3	26.8	2.5	40.1	11.6	12.6	C	R57D34
48.88	J185227.4+004219	283.11432	2.40	0.70543	3.20	286.4	34.0	125.0	18.2	48.9	6.0	30.7	2.8	-11.5	12.3	12.6	C	R57D34
49.22	J185141.6+003739	282.92365	2.50	0.62761	2.70	180.3	25.6	107.7	16.3	37.2	4.6	29.5	3.1	26.0	22.8	11.4	S	R57D34
52.11	J185631.9+001729	284.13303	2.00	0.29141	2.00	410.2	45.0	403.7	41.8	26.6	0.7	25.2	0.7	23.5	20.4	10.7	S	R58D33
53.68	J185656.1-001103	284.23392	2.80	-0.18423	2.70	105.7	20.6	77.5	13.7	30.5	4.5	29.6	4.2	86.3	0.0	10.6	S	R58D33
54.04	J185010.6+002005	282.54416	2.00	0.33476	2.00	553.2	57.5	471.4	48.1	29.3	0.6	26.3	0.5	-1.3	8.1	9.2	S	R57D34
61.25	J185642.7-004000	284.17828	2.50	-0.66678	2.30	79.2	19.2	82.6	12.9	27.2	3.5	23.4	2.6	65.9	34.7	10.1	S	R58D33
61.45	J185644.8+003031	284.18683	2.30	0.50887	2.30	168.6	25.3	132.3	17.7	29.8	2.7	28.3	2.5	42.5	72.0	11.2	S	R58D33
61.64	J185348.7-010550	283.45312	2.10	-1.09740	2.10	174.5	24.0	155.1	18.4	27.8	1.8	27.0	1.7	-37.1	90.0	9.6	S	R57D32
62.52	J185643.4+003252	284.18088	2.10	0.54789	2.20	165.3	25.7	164.9	20.0	26.7	1.9	24.8	1.6	-12.8	38.7	11.4	S	R58D33
66.00	J185445.1+005811	283.68811	2.20	0.96986	2.20	283.5	34.2	186.8	22.5	33.4	2.3	29.8	1.9	-18.2	25.6	11.7	S	R57D34
66.81	J185532.0-010302	283.88348	2.80	-1.05078	2.70	140.8	20.9	82.9	13.3	39.5	5.6	28.7	3.2	50.0	19.2	9.8	S	R57D32
69.88	J185727.2-003831	284.36353	2.60	-0.64217	2.60	113.4	21.8	88.4	14.6	29.8	4.0	28.5	3.7	42.0	90.0	11.0	S	R58D33
71.93	J184836.5-001112	282.15228	2.10	-0.18687	2.10	273.1	31.9	220.3	24.2	31.6	1.6	26.2	1.1	15.1	10.8	9.7	S	R57D32
76.68	J184823.1+001137	282.09662	2.60	0.19373	2.40	1416.6	143.5	473.0	48.0	81.9	4.8	24.6	0.8	38.1	2.8	8.4	M	R57D34
77.76	J185721.1+004528	284.33826	2.20	0.75797	2.10	289.9	36.5	219.3	26.0	32.7	2.3	26.8	1.6	65.1	14.4	13.3	S	R58D33
78.83	J184921.0-005505	282.33774	2.10	-0.91824	2.10	41043.5	4105.9	1792.2	179.8	173.6	1.9	130.8	1.4	39.1	2.0	13.9	M	R57D32
78.90	J184834.1-003617	282.14215	2.20	-0.60498	2.40	148.5	25.0	128.8	17.7	29.6	3.0	26.0	2.3	9.8	31.1	11.8	S	R57D32
79.41	J184809.2-001650	282.03836	2.00	-0.28059	2.20	511.1	53.3	276.7	29.5	44.3	1.9	27.9	0.9	7.9	4.3	9.9	S	R57D32
80.13	J185751.4-004818	284.46451	2.00	-0.80519	2.00	4194.5	420.4	2865.0	286.7	35.0	0.2	25.5	0.1	17.0	0.7	11.4	M	R58D33
84.37	J185528.0-012254	283.86679	2.10	-1.38177	2.10	276.5	31.7	213.4	23.5	32.1	1.6	27.0	1.1	40.5	11.7	9.3	S	R57D32
84.37	J185857.0+000727	284.73782	2.00	0.12423	2.00	3152.8	315.8	1994.7	199.8	39.4	0.3	26.5	0.1	28.7	0.7	10.9	S	R58D33
84.82	J185414.3+011918	283.56000	2.30	1.32176	2.20	889.3	90.3	254.0	28.3	50.3	2.5	45.7	2.2	87.4	22.2	12.0	S	R57D34
86.07	J185800.9-005520	284.50397	2.10	-0.92227	2.10	236.2	30.2	203.2	23.3	29.2	1.7	26.3	1.4	82.8	23.3	11.1	S	R58D33
86.43	J185343.1-013049	283.42963	2.00	-1.51377	2.00	969.4	98.3	967.1	97.2	26.6	0.3	25.2	0.2	-5.1	7.4	9.4	S	R57D32
86.65	J185904.4+001021	284.76862	2.10	0.17271	2.20	191.4	26.8	168.8	20.3	28.1	1.9	26.7	1.7	-27.3	57.9	11.0	S	R58D33
86.96	J185749.6+005119	284.45676	2.00	0.85531	2.00	735.9	76.8	516.2	53.5	36.2	1.1	26.0	0.6	62.4	4.0	13.4	S	R58D33
89.05	J185851.1-003913	284.71301	2.30	-0.65367	2.30	137.3	23.9	120.1	16.8	29.0	3.0	26.1	2.4	-33.1	39.2	11.5	S	R58D33
89.74	J185840.9-004613	284.67041	2.50	-0.77048	2.80	101.0	21.9	84.0	14.5	30.9	4.8	25.7	3.3	7.8	34.1	11.5	S	R58D33
90.84	J185518.9+012133	283.82901	2.90	1.35918	2.20	2552.1	256.9	361.4	40.7	84.7	5.0	40.9	1.9	5.5	4.8	18.8	M	R57D34
92.93	J184807.1+004427	282.02979	2.20	0.74104	2.30	130.9	18.5	99.4	12.9	32.1	2.9	26.9	2.1	-11.0	20.6	7.8	S	R57D34
93.36	J185200.0+012629	283.00009	2.00	1.44149	2.00	1129.3	114.6	516.1	52.3	46.7	1.1	25.2	0.4	-21.0	1.7	8.2	M	R57D34
93.67	J184806.6+004539	282.02777	2.20	0.76106	2.20	143.4	19.5	113.1	14.0	30.0	2.3	27.7	1.9	-40.1	37.7	7.8	S	R57D34
93.96	J185550.6-013056	283.96100	3.00	-1.51574	2.50	182.0	22.6	91.7	13.0	48.9	6.0	27.1	2.2	58.5	9.6	9.0	S	R57D32
94.29	J184839.7+005742	282.16550	2.30	0.96185	2.20	107.3	17.0	94.2	12.3	29.1	2.6	25.7	2.0	84.0	29.6	7.7	S	R57D34
94.55	J184704.8-000447	281.77011	2.00	-0.07977	2.00	2028.1	203.6	1108.3	111.1	44.3	0.4	27.2	0.2	89.1	0.9	7.9	M	R57D32
95.52	J185930.8+002120	284.87845	3.00	0.35558	2.90	105.2	20.8	77.0	13.6	36.7	6.4	24.6	3.0	47.3	18.1	10.9	S	R58D33
97.66	J185328.5-014211	283.36877	2.00	-1.70316	2.00	310.0	34.7	311.5	32.4	26.9	0.8	24.7	0.7	4.5	14.7	9.0	S	R57D32
97.98	J185908.2+004150	284.78436	2.00	0.69749	2.00	2016.6	202.6	1781.9	178.6	28.0	0.2	26.7	0.2	20.5	5.7	11.5	S	R58D33
