0.02	J182340.3-302139	275.91827	2.00	-30.36092	2.00	386.5	40.6	297.6	30.2	40.2	0.9	27.0	0.4	21.5	2.2	5.4	M	R56D13
8.32	J182418.3-302007	276.07654	2.60	-30.33549	2.00	207.8	24.5	111.9	12.5	53.5	4.1	22.9	0.8	2.7	3.6	5.5	M	R56D13
13.24	J182413.4-303250	276.05588	2.20	-30.54745	3.00	47.8	10.4	46.4	7.0	38.2	5.2	25.9	2.4	0.2	13.4	5.3	S	R56D13
13.90	J182420.8-303230	276.08682	2.20	-30.54171	3.20	59.5	10.8	49.8	7.3	43.7	5.9	26.3	2.2	6.7	10.2	5.4	S	R56D13
17.19	J182357.5-303827	275.98959	2.10	-30.64093	2.20	172.5	19.4	133.0	14.4	41.5	2.0	30.0	1.1	13.7	5.6	5.4	S	R56D13
17.88	J182415.1-300525	276.06317	2.10	-30.09045	2.60	56.6	11.2	60.5	8.0	36.4	3.9	24.6	1.8	2.3	10.2	5.6	S	R56D13
23.33	J182153.1-301853	275.47128	2.00	-30.31474	2.20	171.2	19.5	141.3	15.2	42.1	2.0	27.6	0.9	14.1	4.4	5.5	S	R56D13
24.98	J182223.8-304024	275.59927	2.10	-30.67356	2.30	83.2	12.5	81.6	9.8	37.3	2.9	26.3	1.4	5.7	8.5	5.4	S	R56D13
25.72	J182150.7-303147	275.46167	2.00	-30.52992	2.00	801.4	80.7	740.8	74.3	38.9	0.3	26.7	0.2	1.7	0.7	5.5	S	R56D13
27.60	J182312.3-304835	275.80136	2.40	-30.80985	2.80	71.5	11.8	55.9	8.1	40.2	4.7	30.6	2.8	13.4	17.4	5.6	S	R56D13
28.06	J182229.0-295813	275.62100	2.20	-29.97052	2.80	55.3	11.1	54.7	7.7	38.4	4.7	25.2	2.0	3.4	11.1	5.6	S	R56D13
29.27	J182546.6-301055	276.44427	2.00	-30.18216	2.10	337.7	35.1	245.3	25.3	42.6	1.2	31.0	0.7	23.3	3.0	5.8	S	R56D13
31.06	J182120.3-301435	275.33481	2.10	-30.24308	2.60	96.2	13.4	79.6	9.7	44.0	3.9	26.4	1.5	2.6	6.9	5.6	S	R56D13
32.88	J182259.7-305321	275.74896	2.20	-30.88931	3.30	62.5	11.4	51.8	7.6	45.0	6.3	25.7	2.2	3.6	9.7	5.7	S	R56D13
37.54	J182056.5-303422	275.23557	2.00	-30.57294	2.00	413.9	42.4	386.4	39.0	38.8	0.6	26.5	0.3	1.3	1.6	5.3	S	R56D13
37.82	J182626.1-300924	276.60913	2.10	-30.15684	2.30	164.4	19.1	118.6	13.3	45.4	2.8	29.3	1.2	8.6	5.1	5.9	S	R56D13
38.08	J182405.8-294358	276.02432	2.00	-29.73305	2.00	620.5	64.3	518.2	52.1	39.9	0.5	29.8	0.3	11.0	1.9	5.6	M	R56D13
38.77	J182042.6-301610	275.17773	2.00	-30.26969	2.00	488.4	49.8	473.5	47.7	38.1	0.5	26.0	0.2	0.1	1.3	5.5	S	R56D13
38.81	J182330.2-310024	275.87619	2.10	-31.00687	2.40	97.1	13.7	89.5	10.6	38.9	2.9	26.8	1.4	0.2	7.7	5.7	S	R56D13
39.89	J182442.6-294407	276.17776	2.00	-29.73528	2.00	751.0	75.7	497.4	50.1	49.8	0.7	29.1	0.3	12.1	0.6	5.7	S	R56D13
40.55	J182539.4-305306	276.41443	2.40	-30.88524	3.70	89.4	12.6	50.7	7.8	52.7	7.4	32.1	3.2	0.9	11.9	5.7	S	R56D13
41.78	J182032.6-301135	275.13614	2.00	-30.19308	2.00	487.6	50.7	443.7	44.7	37.8	0.6	25.4	0.3	8.6	1.5	5.5	M	R56D13
42.37	J182647.7-303436	276.69879	2.10	-30.57670	2.40	274.6	29.1	151.9	16.5	61.2	3.4	28.4	0.9	14.5	2.4	6.4	S	R56D13
42.88	J182649.0-300815	276.70450	2.10	-30.13770	2.20	208.4	23.0	151.5	16.3	45.0	2.2	29.3	1.0	17.7	3.9	6.0	S	R56D13
43.49	J182025.5-301044	275.10641	2.00	-30.17894	2.00	634.6	64.1	484.5	48.8	40.7	0.5	30.9	0.3	-12.8	1.9	5.5	S	R56D13
45.14	J182347.0-310647	275.94583	2.00	-31.11308	2.10	171.6	19.7	153.9	16.4	40.8	1.8	26.2	0.8	1.4	3.6	5.7	S	R56D13
48.89	J182107.1-305745	275.27966	2.10	-30.96264	2.70	75.4	12.2	68.3	8.8	41.1	4.2	25.8	1.7	-0.9	8.6	5.6	S	R56D13
49.04	J181954.4-301643	274.97672	2.00	-30.27872	2.10	275.9	29.1	231.0	23.8	41.5	1.2	27.6	0.5	0.9	2.9	5.5	S	R56D13
49.45	J182544.0-310322	276.43359	2.10	-31.05627	2.30	116.5	15.4	103.5	11.9	41.6	2.9	26.9	1.2	10.1	7.0	5.9	S	R56D12
49.51	J182147.4-293837	275.44769	2.30	-29.64383	2.70	174.7	19.6	89.0	10.9	54.2	4.4	34.7	2.1	-19.3	8.0	5.9	S	R56D13
50.17	J182152.4-293717	275.46835	2.40	-29.62145	3.70	60.3	11.5	45.6	7.5	45.6	7.4	27.8	2.9	10.1	13.4	5.9	S	R56D13
51.46	J182627.7-294504	276.61545	2.00	-29.75133	2.10	361.3	37.4	266.0	27.3	42.2	1.1	29.9	0.6	14.9	3.7	5.9	S	R56D14
52.39	J181937.7-302010	274.90735	2.30	-30.33627	3.10	40.7	10.3	42.6	6.8	36.8	5.5	24.9	2.5	1.8	15.2	5.5	S	R56D13
52.82	J182534.2-310829	276.39252	2.10	-31.14159	2.20	108.8	14.9	110.5	12.4	38.0	2.4	25.8	1.1	0.2	7.0	5.9	S	R56D12
53.89	J182538.7-310911	276.41147	2.20	-31.15320	2.70	75.2	12.6	67.2	8.9	41.6	4.5	26.8	1.9	10.6	10.4	5.9	S	R56D12
53.94	J182009.3-305044	275.03903	2.60	-30.84581	3.40	73.9	11.3	47.1	7.3	47.9	6.7	31.4	3.2	19.5	14.3	5.4	S	R56D13
55.85	J182114.5-293536	275.31067	2.10	-29.59351	2.30	97.9	14.4	100.0	11.6	36.6	2.6	25.7	1.3	1.2	7.7	6.1	S	R56D13
56.33	J182047.1-310354	275.19632	2.00	-31.06507	2.00	580.3	58.8	462.1	46.6	41.6	0.6	29.0	0.3	10.2	1.6	5.8	S	R56D13
57.69	J182205.7-311538	275.52390	2.00	-31.26078	2.00	1553.4	156.1	1069.5	107.1	48.3	0.3	33.0	0.2	26.7	0.8	5.9	M	R56D13
57.75	J181940.2-295626	274.91754	2.00	-29.94057	2.10	178.8	20.2	160.1	16.9	41.0	1.7	26.1	0.7	2.0	3.8	5.5	S	R56D13
59.58	J182448.0-311927	276.20032	2.00	-31.32417	2.00	659.3	66.7	518.7	52.2	41.4	0.6	30.6	0.3	0.9	2.5	5.8	S	R56D12
60.92	J182159.9-292446	275.49969	2.40	-29.41300	3.40	63.8	11.9	49.4	7.9	43.7	6.6	28.3	2.9	7.7	14.2	6.1	S	R56D13
61.23	J182609.8-311349	276.54120	2.00	-31.23034	2.20	129.0	16.9	129.2	14.3	39.4	2.3	25.1	0.9	5.6	5.6	6.3	S	R56D12
62.33	J182021.8-310705	275.09091	2.00	-31.11811	2.20	186.8	21.2	159.1	17.0	42.8	2.0	26.3	0.8	2.1	3.8	5.9	S	R56D13
62.37	J182341.8-312402	275.92453	2.70	-31.40065	3.10	97.6	13.5	55.0	8.5	45.4	5.7	37.6	4.1	21.2	27.7	5.9	S	R56D13
62.42	J182754.0-295151	276.97522	2.30	-29.86422	2.20	446.0	46.0	134.4	14.8	49.1	2.9	33.2	1.5	34.8	6.6	6.2	M	R56D14
63.18	J182652.1-310935	276.71719	2.00	-31.15980	2.00	1844.7	185.1	1523.4	152.5	41.1	0.2	28.7	0.1	12.9	0.6	6.5	M	R56D12
63.87	J181913.2-304927	274.80539	2.20	-30.82436	3.00	61.7	10.7	53.4	7.4	43.7	5.4	25.3	1.9	-2.4	9.1	5.2	S	R56D13
64.94	J182736.6-310209	276.90289	2.40	-31.03585	2.40	329.4	34.3	133.4	15.1	65.2	4.1	37.6	1.7	49.1	5.8	6.9	S	R56D12
66.00	J182608.6-311929	276.53607	2.00	-31.32497	2.10	214.2	24.0	198.5	20.8	41.4	1.6	25.9	0.7	8.1	3.8	6.4	S	R56D12