0.02	J222905.3+611410	337.27219	2.10	61.23619	2.10	77.6	10.2	68.1	7.9	27.2	1.6	26.1	1.5	-25.8	55.2	3.9	S	R35D69
3.65	J222909.8+611032	337.29105	2.50	61.17570	2.40	53.3	8.3	37.7	5.6	30.8	3.4	28.6	3.0	75.6	59.7	3.8	S	R35D69
18.54	J222852.4+613237	337.21857	2.00	61.54387	2.10	408.4	41.2	180.0	18.5	46.7	1.2	30.4	0.6	14.9	0.4	3.9	S	R35D69
21.58	J223201.3+611007	338.00555	2.40	61.16876	2.50	35.6	7.8	32.9	5.2	27.4	3.6	24.7	2.9	15.0	48.7	4.0	S	R35D69
23.00	J222648.4+605810	336.70169	2.20	60.96958	2.20	57.8	8.3	48.1	6.0	28.9	2.3	26.0	1.9	-24.7	32.5	3.5	S	R34D68
26.68	J222822.8+604758	337.09534	2.20	60.79951	2.20	63.4	8.6	48.7	6.1	29.3	2.2	27.8	2.0	63.8	56.6	3.4	S	R35D69
29.72	J223310.4+611043	338.29364	2.10	61.17882	2.10	61.0	9.3	67.7	7.8	24.0	1.4	23.5	1.3	36.6	90.0	4.0	S	R35D69
30.35	J223208.6+605326	338.03613	2.20	60.89065	2.10	75.4	10.0	61.0	7.3	30.4	2.2	25.4	1.5	70.1	14.4	3.9	S	R35D69
30.51	J222649.1+613958	336.70480	2.00	61.66618	2.00	985.4	98.8	894.9	89.6	26.9	0.1	25.6	0.1	-66.6	5.3	3.9	S	R34D70
30.68	J223319.7+611226	338.33243	2.10	61.20745	2.10	111.2	12.9	79.3	9.0	33.5	2.0	26.2	1.3	30.9	8.5	4.0	S	R35D69
31.83	J222655.5+614157	336.73148	2.10	61.69936	2.70	115.6	12.9	57.7	6.9	50.1	4.2	25.0	1.3	-3.4	7.3	3.8	S	R34D70
32.63	J222705.2+604457	336.77176	2.40	60.74920	2.60	62.6	8.2	35.5	5.1	37.5	4.2	29.4	2.8	28.1	21.1	3.4	S	R34D68
34.13	J222448.2+612851	336.20111	2.40	61.48092	2.40	86.2	10.5	46.9	6.3	38.3	3.7	30.0	2.4	50.8	18.2	3.9	S	R34D70
35.09	J223140.7+614356	337.91977	2.00	61.73225	2.00	330.1	33.6	276.0	27.9	28.8	0.4	26.0	0.3	-30.2	3.9	3.7	S	R35D69
35.46	J222410.9+611240	336.04547	2.00	61.21113	2.00	1203.1	120.6	1020.1	102.1	27.4	0.1	26.2	0.1	61.7	3.8	3.8	M	R34D70
35.77	J222409.6+611040	336.04001	2.40	61.17784	2.30	121.2	13.4	53.6	6.8	39.1	3.1	36.2	2.7	-66.9	43.1	3.8	C	R34D70
36.41	J223404.9+611934	338.52069	2.00	61.32620	2.00	332.2	33.9	322.1	32.4	25.6	0.3	25.1	0.3	-45.0	23.6	3.9	C	R35D69
36.50	J223354.2+612536	338.47592	2.00	61.42686	2.00	113.5	13.1	106.3	11.3	27.1	1.0	24.6	0.8	-20.8	14.6	3.8	S	R35D69
36.64	J223405.8+612027	338.52444	2.00	61.34085	2.00	403.8	40.9	380.7	38.3	26.2	0.3	25.3	0.3	65.4	12.2	3.9	C	R35D69
36.97	J222852.8+603712	337.22012	2.00	60.62024	2.00	339.2	34.4	269.6	27.2	28.9	0.4	27.2	0.3	-48.0	6.8	3.3	S	R35D69
39.97	J223030.6+615248	337.62766	2.10	61.88011	2.10	180.8	18.9	97.4	10.5	40.5	1.8	28.6	1.0	67.0	3.6	3.7	S	R35D69
40.09	J223436.9+611043	338.65414	2.10	61.17862	2.10	69.4	9.6	60.3	7.2	27.7	1.9	26.0	1.7	-65.5	41.7	3.9	C	R35D69
40.46	J223408.1+605653	338.53381	2.00	60.94817	2.00	470.2	47.9	259.8	26.3	40.2	0.8	25.2	0.4	-30.2	1.9	3.9	M	R35D69
40.57	J223440.6+611021	338.66949	2.20	61.17261	2.20	68.2	9.5	56.0	6.9	28.6	2.1	26.6	1.8	-24.4	40.3	3.9	C	R35D69
41.33	J223106.6+615252	337.77786	2.30	61.88124	2.20	59.8	8.6	49.0	6.2	29.9	2.5	25.5	1.8	-73.4	19.8	3.7	S	R35D69
41.53	J223414.4+605602	338.56021	2.00	60.93409	2.00	342.1	34.8	244.4	24.8	30.0	0.5	29.2	0.5	84.8	23.0	3.9	C	R35D69
42.57	J222913.7+615642	337.30728	2.70	61.94523	2.70	44.9	7.5	29.0	4.9	33.1	4.7	29.2	3.8	44.5	49.3	3.7	S	R34D70
43.10	J222432.9+604625	336.13745	2.00	60.77371	2.00	113.9	12.8	94.9	10.1	27.7	1.1	27.1	1.0	86.0	76.5	3.4	S	R34D68
44.19	J222259.2+611054	335.74677	2.10	61.18177	2.10	84.2	10.7	73.5	8.3	26.9	1.5	26.6	1.4	72.9	90.0	3.8	S	R34D70
45.15	J222307.3+610103	335.78049	2.10	61.01760	2.10	80.0	10.2	68.7	7.9	28.3	1.7	25.7	1.4	16.7	25.9	3.7	S	R34D68
46.52	J223530.6+611051	338.87772	2.90	61.18084	2.50	56.9	8.2	32.4	5.2	37.6	5.1	29.2	3.3	80.3	22.4	3.7	S	R35D69
47.16	J222241.1+610517	335.67160	2.20	61.08806	2.40	59.7	8.7	44.1	6.0	31.3	3.0	27.0	2.3	7.1	27.3	3.8	S	R34D68
47.23	J223537.3+611210	338.90564	2.20	61.20295	2.20	50.9	8.2	47.3	6.1	26.2	2.1	25.7	2.0	50.8	90.0	3.7	S	R35D69
47.63	J222254.8+613130	335.72839	2.10	61.52512	2.20	160.3	18.1	80.8	8.9	37.7	2.4	24.3	1.1	-60.8	6.2	3.8	M	R34D70
47.67	J223423.3+604606	338.59723	2.00	60.76838	2.00	140.6	15.6	130.1	13.6	26.3	0.8	25.6	0.8	-50.2	44.6	3.9	S	R35D69
49.25	J223338.9+603748	338.41248	2.20	60.63023	2.20	51.4	8.4	47.5	6.2	26.4	2.2	25.6	2.1	-49.2	90.0	3.9	S	R35D69
49.45	J222216.9+612035	335.57080	2.00	61.34306	2.00	269.8	27.8	256.4	25.9	26.1	0.4	25.2	0.4	-13.6	17.8	3.9	S	R34D70
49.60	J222307.0+605005	335.77939	2.00	60.83477	2.00	322.5	32.8	233.4	23.6	33.3	0.6	26.0	0.4	-9.9	3.6	3.5	S	R34D68
50.00	J223541.7+612946	338.92395	2.10	61.49630	2.10	62.3	8.9	60.8	7.1	26.4	1.7	24.3	1.4	-2.0	29.0	3.6	S	R35D69
50.25	J223601.4+611028	339.00607	2.10	61.17462	2.20	46.9	7.9	47.6	6.0	25.5	2.0	24.1	1.8	-4.9	54.0	3.7	S	R35D69
50.42	J222235.5+605611	335.64810	2.20	60.93654	2.30	41.9	7.6	40.7	5.5	26.9	2.6	23.9	2.0	13.9	32.8	3.6	S	R34D68
50.51	J222205.3+611457	335.52237	2.00	61.24919	2.00	290.2	29.7	255.1	25.8	27.3	0.4	26.1	0.4	2.9	15.3	3.8	S	R34D70
50.55	J222209.0+612143	335.53751	2.10	61.36200	2.10	94.6	11.5	74.7	8.5	29.6	1.7	26.7	1.4	19.6	22.7	3.9	S	R34D70
50.71	J222536.9+615823	336.40390	2.00	61.97333	2.00	174.4	18.6	143.8	14.9	29.1	0.8	26.1	0.7	56.7	11.9	3.8	S	R34D70
51.22	J222416.8+615209	336.07031	2.40	61.86930	2.40	42.3	7.6	34.7	5.2	28.6	3.3	26.7	2.9	-15.8	68.6	3.7	S	R34D70
51.60	J222941.9+620534	337.42465	2.20	62.09280	2.30	53.4	8.4	46.3	6.0	27.9	2.4	25.8	2.1	8.2	47.5	3.8	S	R34D70
52.58	J222414.6+615345	336.06116	2.00	61.89595	2.00	505.7	51.0	473.1	47.5	25.9	0.2	25.8	0.2	-61.0	58.9	3.7	S	R34D70
53.48	J223628.4+611912	339.11868	2.10	61.32004	2.10	123.1	13.8	99.6	10.7	28.5	1.1	27.2	1.0	43.8	33.8	3.7	S	R35D69
54.06	J223625.2+612558	339.10501	2.00	61.43287	2.00	495.5	50.0	496.6	49.8	25.1	0.2	24.8	0.2	-30.9	27.1	3.7	S	R35D69
54.25	J222405.6+615502	336.02347	2.10	61.91740	2.10	67.9	9.3	68.6	7.8	24.9	1.3	24.8	1.3	-6.5	0.9	3.6	S	R34D70