0.48	J174720.7-280924	266.83646	2.70	-28.15673	2.50	1943.8	197.7	321.3	38.6	60.0	4.4	52.1	3.6	-2.4	22.3	21.4	M	R54D14
2.93	J174710.3-281015	266.79297	4.30	-28.17103	2.40	3947.8	397.7	462.8	50.6	151.5	9.3	41.5	1.7	-17.3	3.7	20.4	M	R54D14
8.92	J174754.1-280336	266.97546	2.20	-28.06008	2.80	279.8	48.1	235.5	33.2	40.2	4.8	27.4	2.3	-8.6	12.9	23.2	S	R54D14
15.33	J174832.2-281014	267.13428	3.40	-28.17058	4.60	1484.4	150.2	230.6	30.4	114.5	11.0	52.2	4.0	29.3	8.0	23.4	S	R54D14
15.69	J174832.9-280636	267.13727	5.60	-28.11011	2.80	1097.8	112.5	202.6	29.1	105.3	12.4	47.8	4.3	84.2	9.4	23.6	S	R54D14
18.68	J174842.0-280239	267.17532	3.00	-28.04430	2.90	2780.8	281.2	390.3	45.5	81.4	6.5	50.8	3.4	42.6	8.9	23.4	M	R54D14
20.88	J174806.9-282743	267.02899	2.30	-28.46212	2.60	231.1	37.0	188.2	25.8	38.4	4.0	29.7	2.5	-2.5	17.1	17.1	S	R54D14
21.54	J174846.8-282015	267.19528	2.20	-28.33767	2.60	362.3	47.6	256.0	32.3	42.9	3.8	30.7	2.1	1.6	11.3	18.8	S	R54D14
21.63	J174638.6-274955	266.66122	2.10	-27.83217	2.20	257.1	33.8	250.7	28.0	36.9	2.2	25.8	1.1	-2.1	7.0	12.7	S	R54D14
21.70	J174545.1-280635	266.43793	2.20	-28.10974	2.70	253.0	34.0	176.7	22.8	44.9	4.4	29.6	2.0	2.4	10.4	14.0	S	R54D14
24.91	J174547.6-275550	266.44867	2.60	-27.93061	4.40	183.4	25.7	92.7	15.5	57.4	9.4	32.0	3.5	-9.0	13.5	12.1	S	R54D14
36.68	J174809.1-273401	267.03833	2.00	-27.56713	2.00	1502.0	154.5	762.3	77.7	46.0	1.2	32.3	0.6	51.7	3.2	15.1	M	R54D14
38.00	J175000.7-275406	267.50320	2.40	-27.90191	3.20	235.0	37.0	161.8	24.3	45.6	6.1	29.6	2.8	13.2	13.2	17.6	S	R54D14
39.33	J175004.5-275243	267.51880	2.40	-27.87885	2.90	356.5	44.7	199.9	27.1	49.8	5.3	33.3	2.6	25.2	11.6	17.3	S	R54D14
39.98	J174423.1-281458	266.09662	2.10	-28.24946	2.60	498.2	53.0	255.7	28.4	62.4	3.9	29.0	1.1	7.5	4.5	12.5	S	R54D14
41.03	J175002.4-274815	267.51016	2.20	-27.80418	2.80	202.0	35.5	176.3	24.7	39.3	4.6	27.1	2.2	1.4	12.7	17.2	S	R54D14
42.52	J175025.5-275546	267.60641	2.00	-27.92948	2.10	544.9	61.5	527.6	55.2	37.2	1.4	25.8	0.7	1.9	4.0	16.6	S	R54D14
43.75	J174536.9-273216	266.40411	2.40	-27.53794	2.70	164.1	23.2	107.2	15.2	40.9	4.4	33.7	3.1	18.1	23.0	10.1	S	R54D15
54.52	J174545.7-285925	266.44052	2.10	-28.99044	2.10	13254.6	1326.3	1275.4	130.1	99.8	1.8	84.4	1.5	-34.3	5.1	25.5	M	R54D14
55.69	J174536.5-285948	266.40237	3.10	-28.99693	3.20	752.6	83.0	251.5	36.9	54.6	6.0	50.9	5.4	-28.8	66.4	25.5	C	R54D14
56.58	J174554.4-290224	266.47672	4.50	-29.04002	4.20	2400.6	240.9	217.9	28.8	123.0	11.0	83.2	6.9	51.3	13.0	25.4	S	R54D14
56.69	J175008.4-285243	267.53522	2.10	-28.87868	2.50	186.8	30.0	185.2	22.6	39.8	3.6	23.5	1.3	-0.8	6.7	13.7	S	R54D14
60.00	J175112.8-273723	267.80371	2.10	-27.62312	2.30	260.8	37.6	268.4	30.8	36.8	2.5	24.6	1.1	0.5	6.6	15.7	S	R54D14
60.12	J174305.5-274931	265.77298	2.00	-27.82550	2.00	563.5	58.4	451.0	46.1	40.5	1.0	27.8	0.5	5.6	2.3	9.3	S	R54D15
60.73	J174248.1-280433	265.70078	2.10	-28.07599	2.30	345.9	37.9	207.2	23.2	44.1	2.4	34.1	1.6	2.1	8.9	9.8	S	R54D15
62.18	J174846.0-270952	267.19174	2.00	-27.16445	2.00	5829.3	584.3	2008.9	201.3	60.2	0.6	48.0	0.4	-73.7	1.8	12.6	M	R54D14
64.28	J174310.1-273722	265.79233	2.30	-27.62304	2.90	125.3	19.6	91.3	13.2	41.1	4.9	30.1	2.7	0.1	15.5	9.1	S	R54D15
65.22	J175218.1-280537	268.07571	2.00	-28.09383	2.10	390.6	45.4	410.7	43.0	36.6	1.4	24.1	0.6	-0.2	3.3	13.3	S	R54D14
65.37	J174228.1-280210	265.61731	2.00	-28.03617	2.00	772.2	79.0	713.0	72.0	37.2	0.6	26.2	0.3	4.7	1.6	9.7	S	R54D15
65.80	J174305.5-273607	265.77316	2.00	-27.60199	2.00	1425.5	144.1	1255.4	125.9	35.7	0.3	26.3	0.2	4.8	1.1	9.0	M	R54D15
65.99	J174812.5-270410	267.05225	2.00	-27.06972	2.20	234.0	30.0	227.9	25.1	37.7	2.1	25.3	1.0	0.3	5.9	10.9	S	R54D14
70.89	J175051.7-290319	267.71552	2.20	-29.05530	3.30	122.5	25.5	113.3	17.0	41.9	6.1	24.0	2.0	-3.5	10.1	13.1	S	R54D14
71.84	J175222.7-283740	268.09497	2.00	-28.62805	2.00	2649.4	265.8	2552.4	255.5	37.8	0.2	25.5	0.1	-2.0	0.3	12.5	S	R54D14
72.73	J175214.9-284323	268.06219	2.30	-28.72308	3.30	132.6	24.6	105.7	16.4	42.6	6.2	27.4	2.7	-4.0	13.2	12.4	S	R54D14
74.00	J174218.2-273826	265.57605	2.10	-27.64076	2.20	198.0	25.0	185.9	20.6	35.7	2.0	26.9	1.1	2.4	7.6	8.9	S	R54D15
74.14	J175258.8-280639	268.24530	2.00	-28.11101	2.00	2598.2	261.4	2395.5	239.9	36.7	0.2	26.3	0.1	2.4	0.8	12.4	M	R54D14
76.02	J174616.3-265440	266.56827	2.00	-26.91124	2.20	275.6	31.4	224.9	24.2	41.2	2.0	26.8	0.9	-5.4	4.0	9.0	S	R54D15
76.19	J174137.8-280441	265.40778	2.00	-28.07823	2.00	1278.0	129.5	896.0	90.1	38.5	0.5	31.1	0.3	11.5	2.4	9.6	M	R54D15
76.34	J174312.1-271648	265.80051	2.10	-27.28008	2.40	181.0	23.0	145.4	16.9	42.0	3.0	26.7	1.3	2.8	6.2	8.6	C	R54D15
76.66	J174309.6-271654	265.79031	2.40	-27.28193	3.00	86.2	16.8	72.3	11.4	37.9	5.2	28.4	3.0	-1.9	19.2	8.6	C	R54D15
78.02	J174907.2-292350	267.28003	2.00	-29.39741	2.00	2040.1	207.0	1329.8	133.9	50.1	0.8	27.6	0.3	0.7	1.2	15.6	M	R54D14
81.51	J175006.5-292225	267.52737	2.40	-29.37387	3.10	199.8	31.1	135.9	20.5	43.2	5.6	31.6	3.2	2.4	17.4	14.6	S	R54D14
82.78	J174547.4-264913	266.44754	2.00	-26.82035	2.00	1117.6	112.7	997.6	100.1	39.0	0.4	25.9	0.2	6.0	0.4	8.6	S	R54D15
83.81	J174209.5-272206	265.53970	2.00	-27.36856	2.00	318.9	34.9	325.2	33.5	35.4	1.0	24.9	0.5	-1.9	3.1	8.2	S	R54D15
84.39	J174231.6-271445	265.63196	2.10	-27.24609	2.40	366.6	38.8	187.6	20.7	54.9	3.1	32.0	1.2	-19.3	4.4	8.4	S	R54D15
85.76	J175333.7-283539	268.39053	2.00	-28.59428	2.00	722.2	75.3	719.7	73.0	36.9	0.7	25.2	0.3	-0.2	1.7	12.3	S	R54D14
85.93	J175131.3-270317	267.88068	2.30	-27.05473	3.20	133.9	21.9	98.0	14.6	44.4	5.9	28.6	2.6	-0.9	12.6	10.6	S	R54D14
86.10	J175349.0-275658	268.45435	2.00	-27.94947	2.30	265.9	32.3	222.3	24.7	41.9	2.5	26.5	1.1	-0.4	4.9	10.9	S	R54D14
86.25	J175348.4-275514	268.45200	2.00	-27.92075	2.10	292.7	34.7	291.5	31.0	36.4	1.6	25.6	0.8	-0.6	4.4	10.8	S	R54D14
86.79	J175355.5-281556	268.48157	2.00	-28.26562	2.00	1060.2	107.9	924.5	93.2	37.6	0.6	28.3	0.3	5.6	1.7	11.7	C	R54D14